132776518028749850,-0.253479,-0.724361,0.641132,0.257782,-0.953123,0.0738037,-0.293444,0.12614,0.165241,-0.685459,-0.709113,-0.358291,0,0,0,1
132776518028969853,-0.253225,-0.724711,0.640836,0.257854,-0.952962,0.0728158,-0.294214,0.125816,0.166558,-0.685194,-0.709061,-0.358656,0,0,0,1
132776518029409859,-0.253649,-0.724469,0.640942,0.258121,-0.952527,0.0717221,-0.295888,0.125133,0.168392,-0.685566,-0.708268,-0.358998,0,0,0,1
132776518029629862,-0.255084,-0.72358,0.641377,0.258342,-0.952164,0.0725355,-0.296855,0.124887,0.168276,-0.686419,-0.707469,-0.359037,0,0,0,1
132776518029849868,-0.256516,-0.72274,0.641752,0.258528,-0.951862,0.0736265,-0.297552,0.124742,0.167803,-0.687187,-0.706835,-0.359094,0,0,0,1
132776518030091186,-0.256842,-0.722682,0.641687,0.258526,-0.951846,0.0741509,-0.297475,0.124659,0.167398,-0.687191,-0.706927,-0.359197,0,0,0,1
132776518030309875,-0.256828,-0.723167,0.641147,0.25854,-0.951917,0.074644,-0.297123,0.124635,0.167011,-0.686628,-0.707566,-0.359177,0,0,0,1
132776518030969882,-0.256819,-0.723835,0.640396,0.258194,-0.952092,0.0756547,-0.296307,0.12465,0.166028,-0.685813,-0.708587,-0.359566,0,0,0,1
132776518031409890,-0.256041,-0.724878,0.639527,0.257903,-0.95221,0.0751434,-0.296055,0.124627,0.166548,-0.684767,-0.709476,-0.359779,0,0,0,1
132776518031629892,-0.256125,-0.725487,0.638802,0.257736,-0.952143,0.0753093,-0.296229,0.124625,0.166803,-0.684103,-0.710057,-0.359871,0,0,0,1
132776518032091580,-0.255187,-0.727458,0.636934,0.257403,-0.952481,0.0758254,-0.295009,0.124822,0.166311,-0.68195,-0.71224,-0.360079,0,0,0,1
132776518032310262,-0.254847,-0.728319,0.636085,0.257257,-0.952611,0.0761124,-0.294514,0.124894,0.166086,-0.680998,-0.713202,-0.36014,0,0,0,1
132776518032750266,-0.254282,-0.729715,0.634709,0.25695,-0.952711,0.0760962,-0.294196,0.124982,0.16638,-0.679503,-0.714558,-0.360333,0,0,0,1
132776518033630277,-0.250203,-0.733425,0.632049,0.255976,-0.953876,0.0748816,-0.29071,0.125179,0.165885,-0.675634,-0.718332,-0.360964,0,0,0,1
132776518033850281,-0.249062,-0.734757,0.630952,0.255701,-0.954257,0.0749062,-0.289453,0.125247,0.165415,-0.674182,-0.719803,-0.361235,0,0,0,1
132776518034091194,-0.24743,-0.736512,0.629546,0.255416,-0.954735,0.0746133,-0.287948,0.125277,0.165104,-0.672297,-0.721635,-0.361559,0,0,0,1
132776518034749922,-0.244328,-0.740822,0.62569,0.254961,-0.955625,0.074442,-0.285025,0.125066,0.164575,-0.667564,-0.726136,-0.362666,0,0,0,1
132776518035189930,-0.242902,-0.743577,0.62297,0.255017,-0.955742,0.0735496,-0.284864,0.12462,0.165999,-0.664593,-0.728533,-0.363482,0,0,0,1
132776518036309959,-0.243759,-0.745418,0.62043,0.256849,-0.953661,0.0678792,-0.293127,0.122978,0.176388,-0.663132,-0.727422,-0.36409,0,0,0,1
132776518036529963,-0.243969,-0.745019,0.620827,0.257335,-0.953359,0.0669312,-0.294325,0.122852,0.177725,-0.663677,-0.7266,-0.363864,0,0,0,1
132776518036969969,-0.243492,-0.744261,0.621922,0.258353,-0.953197,0.0651256,-0.295254,0.122727,0.179243,-0.664706,-0.725285,-0.36304,0,0,0,1
132776518037189972,-0.24352,-0.743818,0.62244,0.258841,-0.953013,0.0642872,-0.296029,0.122656,0.180177,-0.665283,-0.724524,-0.362505,0,0,0,1
132776518037629978,-0.243708,-0.74372,0.622484,0.261251,-0.952661,0.0632733,-0.297379,0.122539,0.18178,-0.66549,-0.723933,-0.360485,0,0,0,1
132776518038091336,-0.244468,-0.744001,0.62185,0.261766,-0.952451,0.0639687,-0.297902,0.122696,0.181861,-0.665109,-0.724262,-0.359087,0,0,0,1
132776518038749994,-0.248456,-0.743978,0.620295,0.261485,-0.951811,0.0686532,-0.298902,0.122712,0.179791,-0.664667,-0.725184,-0.357497,0,0,0,1
132776518038969998,-0.250259,-0.744039,0.619497,0.261599,-0.951468,0.0706335,-0.299533,0.12261,0.179107,-0.664392,-0.725606,-0.356972,0,0,0,1
132776518039190000,-0.251964,-0.74403,0.618817,0.261626,-0.951129,0.0724369,-0.300177,0.122524,0.178515,-0.664208,-0.72592,-0.356635,0,0,0,1
132776518039410004,-0.253422,-0.74411,0.618124,0.261501,-0.950726,0.073616,-0.301164,0.122363,0.178596,-0.663988,-0.726101,-0.356416,0,0,0,1
132776518039630006,-0.254165,-0.744654,0.617163,0.261164,-0.950359,0.0738658,-0.30226,0.12217,0.179492,-0.663351,-0.726463,-0.356258,0,0,0,1
132776518039850010,-0.254086,-0.745375,0.616325,0.260698,-0.950154,0.0733236,-0.303034,0.122023,0.180683,-0.662601,-0.726852,-0.356195,0,0,0,1
132776518040091384,-0.253929,-0.746067,0.615552,0.26012,-0.949961,0.0726731,-0.303798,0.121867,0.18192,-0.661893,-0.727188,-0.356157,0,0,0,1
132776518040530075,-0.253744,-0.747126,0.614342,0.258954,-0.949524,0.0712924,-0.305484,0.121587,0.184438,-0.660848,-0.727504,-0.356186,0,0,0,1
132776518040750078,-0.253116,-0.747801,0.613781,0.258276,-0.949254,0.0695488,-0.306726,0.121449,0.186682,-0.660271,-0.727456,-0.356287,0,0,0,1
132776518040970080,-0.250734,-0.748623,0.613755,0.257541,-0.949366,0.0661764,-0.307122,0.12133,0.189303,-0.659685,-0.72731,-0.356428,0,0,0,1
132776518041410086,-0.243905,-0.751016,0.613583,0.25565,-0.950172,0.0584139,-0.306205,0.121227,0.194123,-0.657695,-0.727842,-0.356879,0,0,0,1
132776518041850092,-0.24041,-0.752255,0.613446,0.254163,-0.950839,0.0554083,-0.304688,0.121261,0.195213,-0.656539,-0.728594,-0.357343,0,0,0,1
132776518042091518,-0.240209,-0.752208,0.613582,0.25378,-0.950684,0.0545302,-0.305329,0.12104,0.196212,-0.656666,-0.72821,-0.357571,0,0,0,1
132776518042530201,-0.241553,-0.751552,0.613859,0.253663,-0.949632,0.0529414,-0.308863,0.120239,0.199628,-0.657546,-0.726486,-0.3579,0,0,0,1
132776518042970206,-0.244739,-0.749404,0.61522,0.254075,-0.948094,0.0521018,-0.313694,0.119154,0.203029,-0.660059,-0.723257,-0.35818,0,0,0,1
132776518043410212,-0.246799,-0.747726,0.616438,0.25456,-0.946487,0.0494722,-0.318929,0.118022,0.207975,-0.662162,-0.719923,-0.358501,0,0,0,1
132776518043630215,-0.247509,-0.747376,0.616577,0.254699,-0.945491,0.0473149,-0.322191,0.117433,0.211625,-0.662714,-0.718349,-0.358683,0,0,0,1
132776518043850219,-0.248058,-0.747449,0.616269,0.254778,-0.944508,0.0451947,-0.325364,0.116958,0.215341,-0.66278,-0.717183,-0.358873,0,0,0,1
132776518044310127,-0.25315,-0.747481,0.614156,0.25517,-0.942333,0.046869,-0.331378,0.117223,0.218913,-0.662628,-0.716241,-0.358622,0,0,0,1
132776518044750133,-0.254365,-0.747193,0.614005,0.256038,-0.942223,0.0483691,-0.331475,0.11797,0.217977,-0.662845,-0.716326,-0.357812,0,0,0,1
132776518045190139,-0.251824,-0.747585,0.614574,0.257127,-0.942222,0.0444337,-0.332029,0.117754,0.220912,-0.662678,-0.715581,-0.357255,0,0,0,1
132776518045410141,-0.252875,-0.746164,0.615868,0.257916,-0.941378,0.0428424,-0.334623,0.117389,0.223298,-0.664382,-0.713256,-0.357212,0,0,0,1
132776518045630144,-0.25371,-0.744026,0.618107,0.258895,-0.940678,0.040949,-0.336822,0.117031,0.225293,-0.666894,-0.710278,-0.357289,0,0,0,1
132776518045850148,-0.254478,-0.741218,0.621158,0.26,-0.940134,0.0390492,-0.338561,0.116683,0.226692,-0.670128,-0.706782,-0.357428,0,0,0,1
132776518046091413,-0.256842,-0.737817,0.624226,0.261203,-0.938928,0.0374458,-0.342069,0.11613,0.22901,-0.673961,-0.702375,-0.357618,0,0,0,1
132776518046310096,-0.260678,-0.73452,0.62652,0.262345,-0.937311,0.0370839,-0.346514,0.115634,0.231288,-0.677573,-0.698141,-0.357738,0,0,0,1
132776518046750103,-0.26158,-0.729197,0.632335,0.264564,-0.936383,0.0328836,-0.349436,0.115117,0.234014,-0.683513,-0.69141,-0.357643,0,0,0,1
132776518046970106,-0.26165,-0.727178,0.634627,0.265393,-0.936136,0.0311591,-0.350255,0.115012,0.234923,-0.685741,-0.688891,-0.35763,0,0,0,1
132776518047190111,-0.262223,-0.725358,0.63647,0.266178,-0.935905,0.0304029,-0.350939,0.115227,0.235206,-0.6877,-0.686839,-0.35765,0,0,0,1
132776518047850120,-0.253325,-0.720953,0.645022,0.268714,-0.940536,0.0275678,-0.338572,0.118482,0.226313,-0.692436,-0.685066,-0.357984,0,0,0,1
132776518048510129,-0.244552,-0.715947,0.653922,0.271376,-0.946179,0.0287572,-0.322365,0.124012,0.211991,-0.697562,-0.684447,-0.358428,0,0,0,1
132776518049170139,-0.23648,-0.710426,0.662852,0.27419,-0.950359,0.0271344,-0.30997,0.129261,0.202225,-0.703249,-0.681576,-0.359035,0,0,0,1
132776518049830147,-0.234143,-0.705196,0.669236,0.276914,-0.953374,0.03173,-0.300118,0.134376,0.190407,-0.708302,-0.679745,-0.360508,0,0,0,1
132776518050490156,-0.239513,-0.699996,0.672785,0.279638,-0.954993,0.0449619,-0.2932,0.140101,0.174989,-0.71273,-0.67926,-0.362694,0,0,0,1
132776518051150165,-0.242079,-0.696572,0.675415,0.282699,-0.957459,0.0588162,-0.28251,0.147482,0.157063,-0.715072,-0.681177,-0.365244,0,0,0,1
132776518051810173,-0.24362,-0.687851,0.683748,0.286363,-0.958844,0.0648096,-0.276438,0.154695,0.145835,-0.722953,-0.67533,-0.367503,0,0,0,1
132776518052470184,-0.234529,-0.666314,0.707828,0.293061,-0.96212,0.0549861,-0.267024,0.163687,0.139001,-0.743641,-0.65397,-0.370293,0,0,0,1
132776518053130193,-0.209042,-0.630354,0.747633,0.303156,-0.969593,0.0341203,-0.242335,0.171719,0.127247,-0.775557,-0.61832,-0.372628,0,0,0,1
132776518053790202,-0.214821,-0.57841,0.786952,0.315244,-0.968292,0.0209261,-0.248942,0.17587,0.127523,-0.815478,-0.564565,-0.374904,0,0,0,1
132776518054450210,-0.245916,-0.520639,0.817595,0.328974,-0.961316,0.0230219,-0.274484,0.176794,0.124084,-0.853467,-0.50616,-0.379205,0,0,0,1
132776518055110220,-0.299282,-0.464661,0.833379,0.343028,-0.946158,0.0316076,-0.322159,0.172259,0.123354,-0.884925,-0.449102,-0.38383,0,0,0,1
132776518055770230,-0.375074,-0.40534,0.833678,0.355343,-0.921045,0.0612227,-0.384613,0.165913,0.104859,-0.912114,-0.396299,-0.388451,0,0,0,1
132776518056430239,-0.436202,-0.347397,0.830087,0.368154,-0.896116,0.0837619,-0.435844,0.162479,0.0818813,-0.93397,-0.347845,-0.395304,0,0,0,1
132776518057090247,-0.463137,-0.274813,0.842604,0.384811,-0.884674,0.0860221,-0.458205,0.160959,0.0534379,-0.957642,-0.282959,-0.401715,0,0,0,1
132776518058410265,-0.4791,-0.0784616,0.874247,0.424201,-0.877214,0.00765443,-0.480038,0.153399,0.0309725,-0.996888,-0.0724951,-0.409203,0,0,0,1
132776518059070275,-0.457179,0.057276,0.887528,0.447487,-0.889177,-0.0504875,-0.45477,0.148056,0.0187619,-0.997081,0.0740106,-0.409748,0,0,0,1
132776518059730283,-0.412078,0.20526,0.887727,0.472645,-0.910883,-0.0692667,-0.406811,0.146277,-0.0220121,-0.976253,0.215511,-0.409766,0,0,0,1
132776518060390292,-0.381711,0.278204,0.881419,0.493877,-0.923143,-0.0674293,-0.378497,0.143817,-0.045866,-0.958152,0.282561,-0.413818,0,0,0,1
132776518061710311,-0.337288,0.437938,0.833335,0.537323,-0.93758,-0.0765878,-0.339232,0.13574,-0.0847394,-0.895737,0.436434,-0.413927,0,0,0,1
132776518062370320,-0.333537,0.527582,0.781288,0.558101,-0.937282,-0.0965495,-0.334935,0.128067,-0.101273,-0.844,0.526696,-0.410985,0,0,0,1
132776518063030329,-0.299125,0.608994,0.734609,0.576272,-0.945587,-0.0858945,-0.313826,0.124672,-0.128019,-0.78851,0.60155,-0.41,0,0,0,1
132776518063690337,-0.251906,0.668889,0.699379,0.58929,-0.958004,-0.0700417,-0.27807,0.123523,-0.137012,-0.740055,0.658442,-0.409874,0,0,0,1
132776518064350343,-0.208751,0.711613,0.670843,0.596549,-0.970801,-0.0678838,-0.230081,0.121073,-0.118189,-0.699285,0.705005,-0.410833,0,0,0,1
132776518065010356,-0.177618,0.73983,0.648926,0.599065,-0.980058,-0.0732814,-0.184705,0.117108,-0.0890962,-0.668792,0.738092,-0.412883,0,0,0,1
132776518065670365,-0.147548,0.75669,0.636906,0.599423,-0.986576,-0.0670366,-0.14891,0.114166,-0.0699822,-0.650327,0.756424,-0.416293,0,0,0,1
132776518066330371,-0.116297,0.763267,0.63553,0.599363,-0.991817,-0.0553126,-0.115064,0.114676,-0.0526721,-0.643711,0.763454,-0.421254,0,0,0,1
132776518066990381,-0.0715556,0.767048,0.637588,0.604124,-0.996473,-0.0268818,-0.0794928,0.120314,-0.0438353,-0.641027,0.766266,-0.426121,0,0,0,1
132776518067650392,-0.0386064,0.799375,0.59959,0.605895,-0.998556,-0.00844073,-0.053042,0.124519,-0.0373394,-0.600773,0.798547,-0.423369,0,0,0,1
132776518068310399,-0.0646137,0.839285,0.539838,0.605146,-0.9977,-0.0432249,-0.0522138,0.119367,-0.0204878,-0.54197,0.840148,-0.417249,0,0,0,1
132776518068970409,-0.0705321,0.859941,0.505496,0.605212,-0.995923,-0.0321405,-0.0842849,0.115426,-0.0562332,-0.50938,0.858702,-0.414968,0,0,0,1
132776518069630418,-0.0456008,0.880474,0.471897,0.604868,-0.996,-0.0037322,-0.0892826,0.115272,-0.0768498,-0.47408,0.877121,-0.414138,0,0,0,1
132776518070290425,-0.00781202,0.906732,0.421635,0.599293,-0.996181,0.0296139,-0.0821422,0.119088,-0.0869672,-0.420667,0.903037,-0.411866,0,0,0,1
132776518070950436,-0.00235081,0.937657,0.347556,0.589289,-0.997328,0.0231789,-0.0692794,0.119156,-0.0730163,-0.34679,0.935097,-0.40628,0,0,0,1
132776518071610445,-0.0223365,0.965825,0.258232,0.577715,-0.99751,-0.0042479,-0.070395,0.113494,-0.0668923,-0.259161,0.963515,-0.398035,0,0,0,1
132776518072270453,-0.0430365,0.985027,0.166938,0.567819,-0.995954,-0.029104,-0.0850257,0.103724,-0.0788941,-0.169922,0.982294,-0.388568,0,0,0,1
132776518072930463,-0.0541419,0.995809,0.0737029,0.561077,-0.993692,-0.046473,-0.10206,0.0920229,-0.0982074,-0.0787638,0.992044,-0.378454,0,0,0,1
132776518073590473,-0.0740625,0.99718,-0.0121047,0.557559,-0.99021,-0.0749741,-0.117746,0.0779565,-0.118322,0.00326557,0.99297,-0.369732,0,0,0,1
132776518074250482,-0.0970143,0.991502,-0.0866718,0.556281,-0.98464,-0.108314,-0.136943,0.0630064,-0.145167,0.072055,0.98678,-0.362804,0,0,0,1
132776518074910491,-0.128454,0.98132,-0.143214,0.554723,-0.977381,-0.149735,-0.149351,0.0487965,-0.168005,0.12079,0.978358,-0.359162,0,0,0,1
132776518075570499,-0.124796,0.976667,-0.174778,0.556951,-0.97101,-0.156419,-0.180752,0.0399993,-0.203874,0.147154,0.967875,-0.363421,0,0,0,1
132776518076230506,-0.0773952,0.968292,-0.23753,0.554745,-0.976364,-0.121834,-0.178523,0.0401815,-0.201802,0.218099,0.954834,-0.366318,0,0,0,1
132776518078210534,-0.0272409,0.872652,-0.487583,0.540102,-0.997616,-0.0546749,-0.0421186,0.0468895,-0.0634134,0.485273,0.87206,-0.380222,0,0,0,1
132776518079530554,-0.111453,0.802033,-0.58679,0.546223,-0.993616,-0.0795603,0.0799796,0.0365791,0.0174611,0.591958,0.80578,-0.40358,0,0,0,1
132776518080190561,-0.102085,0.769917,-0.629926,0.546317,-0.993949,-0.0531354,0.0961338,0.0280604,0.0405437,0.635928,0.770682,-0.412385,0,0,0,1
132776518082170586,-0.0302618,0.756662,-0.653106,0.556674,-0.999288,-0.00816548,0.0368419,0.00356584,0.0225441,0.653756,0.75637,-0.421206,0,0,0,1
132776518082830599,-0.0305929,0.74689,-0.664243,0.559202,-0.999373,-0.0110029,0.0336561,-0.00166675,0.0178286,0.664856,0.746758,-0.425099,0,0,0,1
132776518083490608,-0.0134205,0.734419,-0.678564,0.560409,-0.999826,-0.00107694,0.0186088,-0.00910832,0.0129358,0.678696,0.734306,-0.429733,0,0,0,1
132776518084150615,0.0142728,0.730101,-0.68319,0.562151,-0.999885,0.00695658,-0.0134547,-0.0187818,-0.00507066,0.683304,0.730116,-0.433021,0,0,0,1
132776518084810626,0.0407563,0.727969,-0.684398,0.563742,-0.999095,0.0213422,-0.0367958,-0.0247251,-0.0121797,0.685278,0.72818,-0.435121,0,0,0,1
132776518086790653,-0.0282961,0.730686,-0.682127,0.571975,-0.999596,-0.0189034,0.0212164,-0.0284272,0.002608,0.682452,0.730926,-0.43987,0,0,0,1
132776518087450661,-0.0569363,0.730567,-0.680463,0.574051,-0.998271,-0.0316759,0.0495198,-0.0290564,0.0146231,0.682106,0.731107,-0.440334,0,0,0,1
132776518088770680,-0.0868924,0.72423,-0.684062,0.575622,-0.995123,-0.0309225,0.0936663,-0.0290419,0.0466831,0.688865,0.723385,-0.441722,0,0,0,1
132776518092750741,-0.0769305,0.726808,-0.682519,0.571836,-0.99596,-0.0242203,0.0864682,-0.0277673,0.0463151,0.686414,0.725735,-0.441732,0,0,0,1
132776518093410750,-0.0764976,0.726951,-0.682415,0.571934,-0.995976,-0.0236561,0.086447,-0.0280559,0.0466995,0.686282,0.725835,-0.441702,0,0,0,1
132776518094102486,-0.0767912,0.72684,-0.6825,0.571843,-0.995954,-0.0238738,0.0866344,-0.0280591,0.0466755,0.686392,0.725733,-0.441893,0,0,0,1
132776518094750843,-0.0764654,0.726885,-0.682489,0.571661,-0.99597,-0.0235002,0.0865584,-0.0280089,0.0468794,0.686357,0.725752,-0.44207,0,0,0,1
132776518095410852,-0.0765278,0.726833,-0.682538,0.571792,-0.995967,-0.0235724,0.0865682,-0.0279771,0.0468314,0.68641,0.725705,-0.442278,0,0,0,1
132776518096102540,-0.0765347,0.726832,-0.682537,0.572041,-0.995962,-0.0235109,0.086643,-0.0281624,0.0469279,0.686413,0.725697,-0.44223,0,0,0,1
132776518096750886,-0.0766623,0.726768,-0.682591,0.572291,-0.995953,-0.0236075,0.0867208,-0.0285452,0.0469118,0.686477,0.725637,-0.442036,0,0,0,1
132776518097410894,-0.0768902,0.726699,-0.68264,0.572733,-0.995937,-0.0237955,0.0868478,-0.028694,0.0468683,0.686544,0.725576,-0.441708,0,0,0,1
132776518098102497,-0.0769405,0.726677,-0.682657,0.573222,-0.995931,-0.0237967,0.0869176,-0.0287246,0.046916,0.686567,0.725551,-0.441182,0,0,0,1
132776518098530835,-0.0768831,0.726686,-0.682655,0.573401,-0.995934,-0.0237331,0.0869018,-0.0286688,0.0469489,0.686561,0.725555,-0.441073,0,0,0,1
132776518098750838,-0.0769304,0.726673,-0.682662,0.573539,-0.995934,-0.0238233,0.0868745,-0.0285374,0.046866,0.68657,0.725552,-0.441053,0,0,0,1
132776518100750842,-0.07704,0.726578,-0.682752,0.573974,-0.995919,-0.0237843,0.0870659,-0.0283719,0.0470213,0.686673,0.725445,-0.440548,0,0,0,1
132776518100970847,-0.077004,0.72658,-0.682753,0.57389,-0.995921,-0.0237577,0.0870418,-0.0283593,0.047022,0.686671,0.725446,-0.440372,0,0,0,1
132776518101190848,-0.0769422,0.726601,-0.682738,0.573767,-0.995923,-0.0236766,0.0870395,-0.0282904,0.047078,0.686651,0.725461,-0.440242,0,0,0,1
132776518101410851,-0.076893,0.726614,-0.68273,0.573609,-0.995924,-0.0235963,0.0870537,-0.0282505,0.0471445,0.686641,0.725466,-0.440102,0,0,0,1
132776518103190889,-0.0767417,0.726413,-0.682961,0.573289,-0.99593,-0.0233816,0.0870398,-0.0280815,0.0472581,0.686861,0.725251,-0.439639,0,0,0,1
132776518103410895,-0.0767614,0.726388,-0.682985,0.573166,-0.99593,-0.0234077,0.0870384,-0.0280987,0.0472365,0.686886,0.725228,-0.43963,0,0,0,1
132776518103630894,-0.076763,0.726362,-0.683012,0.573248,-0.995929,-0.0233989,0.0870475,-0.0280977,0.0472462,0.686914,0.725201,-0.439634,0,0,0,1
132776518103850896,-0.0767305,0.726363,-0.683015,0.573148,-0.995931,-0.0233636,0.0870374,-0.0280866,0.0472631,0.686914,0.7252,-0.439583,0,0,0,1
132776518104530890,-0.0766621,0.726332,-0.683056,0.573003,-0.995933,-0.0232625,0.0870411,-0.0280798,0.0473311,0.686951,0.725161,-0.43959,0,0,0,1
132776518104970897,-0.0766966,0.726261,-0.683127,0.573019,-0.995932,-0.0233034,0.0870413,-0.0280951,0.0472955,0.687024,0.725094,-0.439563,0,0,0,1
132776518105410905,-0.0766406,0.726227,-0.68317,0.572818,-0.995935,-0.0232409,0.0870221,-0.0281056,0.0473202,0.687063,0.725056,-0.439568,0,0,0,1
132776518106092235,-0.0765799,0.726174,-0.683232,0.572763,-0.995939,-0.0231746,0.0869984,-0.0281048,0.0473424,0.68712,0.725,-0.43955,0,0,0,1
132776518106750926,-0.0765752,0.726157,-0.683251,0.572678,-0.99594,-0.0231748,0.0869896,-0.0280746,0.047334,0.687138,0.724983,-0.439602,0,0,0,1
132776518107410938,-0.0765013,0.726157,-0.683259,0.572637,-0.995945,-0.023109,0.0869512,-0.0280434,0.0473509,0.68714,0.72498,-0.439657,0,0,0,1
132776518109190960,-0.0764656,0.726139,-0.683283,0.572596,-0.995948,-0.0230985,0.0869085,-0.0279652,0.0473248,0.68716,0.724963,-0.439847,0,0,0,1
132776518110102624,-0.0764682,0.726129,-0.683294,0.572496,-0.995949,-0.0231133,0.0868956,-0.0279059,0.0473043,0.68717,0.724955,-0.439905,0,0,0,1
132776518110750985,-0.0764414,0.726119,-0.683307,0.572379,-0.995951,-0.0230907,0.0868793,-0.0278951,0.0473066,0.687182,0.724944,-0.439945,0,0,0,1
132776518111410994,-0.0763797,0.72611,-0.683323,0.572262,-0.995956,-0.023039,0.0868432,-0.02788,0.0473147,0.687193,0.724933,-0.439956,0,0,0,1
132776518112092671,-0.0763924,0.726084,-0.683349,0.572222,-0.995954,-0.023043,0.0868549,-0.0278645,0.0473174,0.687219,0.724907,-0.440014,0,0,0,1
132776518112751354,-0.0763996,0.726083,-0.683349,0.572154,-0.995954,-0.0230539,0.0868537,-0.0278521,0.0473092,0.68722,0.724907,-0.440058,0,0,0,1
132776518113411363,-0.076327,0.726072,-0.683369,0.572076,-0.99596,-0.0230055,0.0867979,-0.0278404,0.0473004,0.687234,0.724895,-0.440045,0,0,0,1
132776518114102744,-0.0764126,0.726042,-0.683392,0.572039,-0.995955,-0.0230823,0.0868386,-0.0278321,0.0472741,0.687263,0.724869,-0.440055,0,0,0,1
132776518114751106,-0.0763503,0.726043,-0.683397,0.571957,-0.995959,-0.0230317,0.0868014,-0.0278031,0.0472818,0.687263,0.724868,-0.440058,0,0,0,1
132776518115411115,-0.0763056,0.726032,-0.683414,0.571926,-0.995961,-0.0229717,0.0867983,-0.0277762,0.0473192,0.687277,0.724853,-0.44008,0,0,0,1
132776518116102803,-0.0763985,0.726003,-0.683435,0.571869,-0.995956,-0.0230585,0.0868391,-0.027768,0.0472864,0.687305,0.724828,-0.440085,0,0,0,1
132776518116751075,-0.0763363,0.726023,-0.68342,0.571828,-0.995958,-0.0229777,0.0868358,-0.0277266,0.0473414,0.687286,0.724842,-0.440062,0,0,0,1
132776518117411083,-0.0763919,0.726006,-0.683432,0.571786,-0.995954,-0.0230261,0.0868641,-0.0277284,0.0473271,0.687303,0.724828,-0.440042,0,0,0,1
132776518118751184,-0.0764012,0.725991,-0.683447,0.571745,-0.995952,-0.0230162,0.0868866,-0.0277574,0.0473484,0.687319,0.724811,-0.440018,0,0,0,1
132776518119411194,-0.0763808,0.725993,-0.683448,0.571705,-0.995953,-0.0229919,0.0868827,-0.0277754,0.0473625,0.687318,0.724811,-0.440033,0,0,0,1
132776518120092764,-0.0764091,0.725973,-0.683466,0.571701,-0.995952,-0.0230176,0.0868947,-0.0277671,0.0473515,0.687338,0.724792,-0.440002,0,0,0,1
132776518120751463,-0.076344,0.725982,-0.683463,0.57165,-0.995954,-0.0229378,0.086885,-0.0277838,0.0473998,0.687331,0.724796,-0.439981,0,0,0,1
132776518121411472,-0.0763713,0.725949,-0.683496,0.571641,-0.995954,-0.0229745,0.0868827,-0.0278039,0.0473694,0.687365,0.724766,-0.440021,0,0,0,1
132776518122103006,-0.0763294,0.725934,-0.683516,0.571595,-0.995955,-0.0229197,0.0868779,-0.0278137,0.0474017,0.687382,0.724747,-0.440008,0,0,0,1
132776518122751340,-0.0763383,0.725919,-0.683531,0.57159,-0.995954,-0.0229163,0.0868928,-0.0278425,0.0474132,0.687398,0.724731,-0.43998,0,0,0,1
132776518123411348,-0.0763282,0.725921,-0.68353,0.571585,-0.995955,-0.0229095,0.0868856,-0.0278396,0.0474128,0.687396,0.724733,-0.439956,0,0,0,1
132776518124102946,-0.0763726,0.725911,-0.683535,0.571591,-0.995952,-0.0229437,0.0869133,-0.0278376,0.0474086,0.687406,0.724725,-0.439909,0,0,0,1
132776518125411282,-0.076416,0.725897,-0.683546,0.571597,-0.99595,-0.0229903,0.0869258,-0.0278549,0.0473843,0.687419,0.724713,-0.439857,0,0,0,1
132776518126102857,-0.0764263,0.725893,-0.683549,0.571583,-0.995948,-0.0229839,0.0869472,-0.0278519,0.047404,0.687424,0.724708,-0.439861,0,0,0,1
132776518126751195,-0.076419,0.725885,-0.683558,0.571546,-0.995948,-0.0229748,0.0869455,-0.0278819,0.0474079,0.687432,0.724699,-0.439837,0,0,0,1
132776518127411204,-0.0764444,0.72588,-0.68356,0.5715,-0.995946,-0.0229833,0.086973,-0.027894,0.0474215,0.687437,0.724694,-0.439847,0,0,0,1
132776518129411341,-0.0764326,0.725859,-0.683584,0.571462,-0.995946,-0.022962,0.0869763,-0.0278869,0.0474362,0.68746,0.724671,-0.439814,0,0,0,1
132776518130102997,-0.0756491,0.72655,-0.682937,0.567817,-0.996022,-0.0227115,0.0861678,-0.027972,0.0470949,0.686738,0.725378,-0.440713,0,0,0,1
132776518131411351,-0.0757405,0.72637,-0.683118,0.56872,-0.996016,-0.0227764,0.0862145,-0.0274721,0.0470647,0.686927,0.725201,-0.440989,0,0,0,1
132776518132103080,-0.075904,0.725784,-0.683723,0.572125,-0.996003,-0.0228039,0.0863652,-0.0261111,0.0470909,0.687545,0.724613,-0.440528,0,0,0,1
132776518132751386,-0.075917,0.725751,-0.683756,0.572253,-0.996002,-0.02282,0.086364,-0.0260145,0.0470754,0.687579,0.724582,-0.440635,0,0,0,1
132776518133411394,-0.0759254,0.72574,-0.683766,0.572436,-0.996003,-0.0228497,0.0863439,-0.0258969,0.0470392,0.687589,0.724575,-0.440749,0,0,0,1
132776518134103001,-0.075928,0.725723,-0.683784,0.572596,-0.996004,-0.0228558,0.0863395,-0.0258013,0.0470302,0.687607,0.724558,-0.440835,0,0,0,1
132776518134751320,-0.0759606,0.72572,-0.683785,0.572704,-0.996001,-0.0228821,0.086359,-0.0257096,0.047026,0.68761,0.724556,-0.440927,0,0,0,1
132776518135411330,-0.0759803,0.725704,-0.683799,0.57275,-0.996001,-0.0229169,0.0863493,-0.025647,0.0469934,0.687625,0.724543,-0.440952,0,0,0,1
132776518136103149,-0.075974,0.725695,-0.683809,0.572782,-0.996002,-0.0229139,0.0863422,-0.0256195,0.0469894,0.687635,0.724534,-0.441027,0,0,0,1
132776518136751453,-0.0760053,0.725683,-0.683818,0.572829,-0.996001,-0.0229504,0.0863484,-0.0255702,0.0469676,0.687647,0.724525,-0.441084,0,0,0,1
132776518137191463,-0.0759956,0.725675,-0.683827,0.57284,-0.996001,-0.0229416,0.0863428,-0.0255428,0.0469687,0.687654,0.724517,-0.441076,0,0,0,1
132776518137851469,-0.0759954,0.725661,-0.683843,0.572919,-0.996003,-0.0229599,0.0863218,-0.0255078,0.0469396,0.68767,0.724505,-0.441099,0,0,0,1
132776518138092694,-0.0760081,0.725655,-0.683847,0.572936,-0.996002,-0.0229747,0.0863241,-0.0255126,0.0469303,0.687675,0.724501,-0.441101,0,0,0,1
132776518138531355,-0.076023,0.725652,-0.68385,0.573022,-0.996001,-0.0229833,0.0863363,-0.0255134,0.046933,0.687679,0.724497,-0.441124,0,0,0,1
132776518138751358,-0.0760239,0.725656,-0.683844,0.573042,-0.996001,-0.0229881,0.0863332,-0.0255365,0.0469278,0.687673,0.724502,-0.441106,0,0,0,1
132776518138971361,-0.076027,0.725659,-0.683841,0.573083,-0.996001,-0.0229902,0.0863358,-0.0255221,0.0469286,0.687671,0.724505,-0.441115,0,0,0,1
132776518139191364,-0.0760373,0.725664,-0.683835,0.573079,-0.996,-0.0229981,0.0863429,-0.0255441,0.0469289,0.687665,0.72451,-0.441105,0,0,0,1
132776518139411370,-0.0760348,0.725645,-0.683855,0.573163,-0.996001,-0.0230052,0.0863298,-0.0255514,0.0469126,0.687684,0.724493,-0.441063,0,0,0,1
132776518139631370,-0.0760189,0.725647,-0.683855,0.573204,-0.996002,-0.0229982,0.0863143,-0.0255401,0.0469062,0.687683,0.724494,-0.441069,0,0,0,1
132776518139851373,-0.0760139,0.725642,-0.683861,0.573215,-0.996003,-0.0229938,0.0863111,-0.0255915,0.0469065,0.687688,0.724489,-0.441078,0,0,0,1
132776518140751401,-0.0759947,0.725627,-0.683878,0.573364,-0.996005,-0.022995,0.0862805,-0.0256541,0.0468817,0.687703,0.724476,-0.4411,0,0,0,1
132776518141191407,-0.0760076,0.725624,-0.68388,0.573409,-0.996004,-0.0229882,0.086306,-0.0256558,0.0469046,0.687707,0.724472,-0.441086,0,0,0,1
132776518141411410,-0.0759721,0.725613,-0.683896,0.573461,-0.996006,-0.0229636,0.0862791,-0.0257103,0.0469005,0.68772,0.72446,-0.441105,0,0,0,1
132776518141631413,-0.0759596,0.725613,-0.683898,0.573503,-0.996007,-0.0229504,0.0862748,-0.0257059,0.0469063,0.687721,0.724459,-0.441104,0,0,0,1
132776518141851418,-0.0759531,0.725613,-0.683898,0.573526,-0.996008,-0.0229498,0.0862661,-0.0257396,0.0469005,0.68772,0.724459,-0.44111,0,0,0,1
132776518142092803,-0.0759529,0.725605,-0.683907,0.57352,-0.996009,-0.0229619,0.0862523,-0.0257328,0.0468815,0.687728,0.724453,-0.441082,0,0,0,1
132776518142531480,-0.0759482,0.725599,-0.683913,0.573647,-0.996008,-0.0229388,0.0862693,-0.0258025,0.0469088,0.687735,0.724445,-0.441117,0,0,0,1
132776518142751483,-0.075936,0.725593,-0.683922,0.573669,-0.996009,-0.0229248,0.0862654,-0.0258315,0.0469149,0.687742,0.724437,-0.44111,0,0,0,1
132776518143191487,-0.0759254,0.725582,-0.683934,0.573736,-0.99601,-0.0229287,0.0862448,-0.0258576,0.0468959,0.687754,0.724428,-0.4411,0,0,0,1
132776518143631493,-0.0759435,0.725578,-0.683936,0.573813,-0.996008,-0.022933,0.0862663,-0.0258709,0.0469082,0.687757,0.724423,-0.441066,0,0,0,1
132776518144971463,-0.0755286,0.725582,-0.683978,0.573759,-0.996024,-0.0224018,0.0862221,-0.0259464,0.0472389,0.687771,0.724389,-0.441093,0,0,0,1
132776518145191466,-0.0752228,0.725621,-0.68397,0.573714,-0.996042,-0.0221157,0.086082,-0.0259433,0.0473363,0.687739,0.724414,-0.441127,0,0,0,1
132776518145411469,-0.0752125,0.725635,-0.683957,0.573742,-0.996042,-0.022092,0.0860932,-0.0259491,0.0473623,0.687725,0.724424,-0.441131,0,0,0,1
132776518145631475,-0.0755292,0.725586,-0.683974,0.573833,-0.996028,-0.0224627,0.086159,-0.025975,0.0471518,0.687765,0.7244,-0.44109,0,0,0,1
132776518145851476,-0.0764058,0.725334,-0.684144,0.574091,-0.995994,-0.02356,0.086255,-0.0260105,0.0464452,0.687994,0.724229,-0.440939,0,0,0,1
132776518146092807,-0.0783734,0.723926,-0.685412,0.574446,-0.99596,-0.0266333,0.0857533,-0.0260977,0.0438242,0.689364,0.723089,-0.440538,0,0,0,1
132776518146311484,-0.0799839,0.722939,-0.686267,0.574727,-0.995934,-0.0293229,0.0851857,-0.0262457,0.0414608,0.69029,0.722344,-0.440178,0,0,0,1
132776518146531488,-0.0809907,0.722256,-0.686867,0.574952,-0.995957,-0.0317754,0.084024,-0.0263476,0.0388615,0.690895,0.72191,-0.439816,0,0,0,1
132776518147191493,-0.0804878,0.728212,-0.680609,0.574922,-0.996614,-0.047303,0.0672467,-0.0268184,0.0167751,0.683717,0.729554,-0.438244,0,0,0,1
132776518147411497,-0.0806646,0.733795,-0.674565,0.575234,-0.996732,-0.0564615,0.0577704,-0.0270968,0.00430474,0.67702,0.735952,-0.437368,0,0,0,1
132776518148103207,-0.0459117,0.752365,-0.657145,0.57559,-0.99857,-0.0525978,0.00954631,-0.0269606,-0.027382,0.656644,0.753704,-0.434793,0,0,0,1
132776518149411540,0.0308374,0.781081,-0.623668,0.569715,-0.992177,-0.0515972,-0.113679,-0.0277689,-0.120972,0.622294,0.77338,-0.427773,0,0,0,1
132776518150103195,0.0242429,0.810833,-0.584776,0.562847,-0.994713,-0.0388252,-0.0950712,-0.019371,-0.0997909,0.583989,0.805605,-0.420624,0,0,0,1
132776518150751534,0.0174231,0.827625,-0.561011,0.558933,-0.994154,-0.0454545,-0.0979313,-0.0103663,-0.106551,0.559438,0.821995,-0.413596,0,0,0,1
132776518151411543,0.0268393,0.840043,-0.541855,0.552696,-0.989986,-0.0528157,-0.130917,-0.00543268,-0.138594,0.539942,0.830213,-0.4061,0,0,0,1
132776518152103302,0.0607318,0.860766,-0.505365,0.546487,-0.977112,-0.0521431,-0.206236,-0.00494858,-0.203873,0.506323,0.837898,-0.396607,0,0,0,1
132776518152751644,0.0685918,0.880059,-0.469885,0.539874,-0.965932,-0.0592259,-0.251928,-0.00369071,-0.249541,0.471158,0.846014,-0.387733,0,0,0,1
132776518153411652,0.0445586,0.895651,-0.44252,0.531642,-0.962398,-0.0803312,-0.259495,-0.00195642,-0.267965,0.437443,0.858393,-0.379321,0,0,0,1
132776518154103232,0.0340984,0.909005,-0.415387,0.522919,-0.961691,-0.0832764,-0.26118,2.67029e-05,-0.272006,0.40838,0.871343,-0.372044,0,0,0,1
132776518154751581,0.0648101,0.917528,-0.392355,0.514009,-0.959143,-0.051234,-0.278245,0.0027263,-0.2754,0.394357,0.87672,-0.367582,0,0,0,1
132776518155411590,0.115941,0.927922,-0.354284,0.507513,-0.955034,0.00615019,-0.296431,0.00777267,-0.272886,0.372722,0.886911,-0.364578,0,0,0,1
132776518156103242,0.161323,0.930283,-0.329468,0.499471,-0.951388,0.0578454,-0.302514,0.0136626,-0.262365,0.362254,0.894392,-0.360646,0,0,0,1
132776518156751607,0.165681,0.939703,-0.299181,0.495226,-0.951436,0.0724953,-0.299188,0.0164784,-0.259458,0.334221,0.906078,-0.355975,0,0,0,1
132776518158103378,0.132478,0.977272,-0.165495,0.49626,-0.935848,0.0683169,-0.345718,0.0120318,-0.326554,0.200678,0.923629,-0.351409,0,0,0,1
132776518158751734,0.057528,0.995044,-0.0811043,0.49894,-0.936587,0.0256616,-0.349495,0.00653838,-0.345681,0.096067,0.933421,-0.355149,0,0,0,1
132776518159411744,-0.0416662,0.999094,0.00867139,0.499239,-0.9379,-0.0361196,-0.34502,0.00070658,-0.344394,-0.0225086,0.938555,-0.363117,0,0,0,1
132776518160103411,-0.13202,0.987949,0.0807962,0.495474,-0.936133,-0.0974643,-0.33787,-0.00321168,-0.325923,-0.120242,0.937718,-0.369494,0,0,0,1
132776518160751768,-0.203451,0.968758,0.141827,0.490126,-0.92282,-0.141338,-0.358368,-0.00521844,-0.327126,-0.203791,0.922745,-0.370276,0,0,0,1
132776518161411777,-0.275776,0.93887,0.206086,0.485052,-0.914076,-0.189829,-0.35837,-0.00424447,-0.297341,-0.287208,0.910549,-0.372201,0,0,0,1
132776518162751702,-0.323122,0.865588,0.382557,0.481071,-0.915099,-0.182746,-0.35944,0.0082526,-0.241216,-0.466221,0.851148,-0.37783,0,0,0,1
132776518163411711,-0.304056,0.832235,0.463611,0.478762,-0.931986,-0.159039,-0.325742,0.0215433,-0.197362,-0.531122,0.823989,-0.374574,0,0,0,1
132776518164103452,-0.271526,0.797056,0.539423,0.476214,-0.952826,-0.143639,-0.267376,0.0375901,-0.135632,-0.586575,0.798457,-0.368291,0,0,0,1
132776518164751812,-0.244225,0.762467,0.599164,0.471416,-0.964382,-0.126243,-0.232442,0.0507421,-0.101589,-0.634591,0.766142,-0.362159,0,0,0,1
132776518165411822,-0.237305,0.726014,0.645438,0.462316,-0.967185,-0.114498,-0.226809,0.0616867,-0.0907651,-0.678081,0.729361,-0.355678,0,0,0,1
132776518167411777,-0.375527,0.547765,0.747618,0.407631,-0.926,-0.187997,-0.327386,0.0744149,-0.038781,-0.815236,0.577829,-0.337506,0,0,0,1
132776518168103523,-0.417518,0.458936,0.784256,0.386074,-0.908548,-0.224915,-0.352071,0.0769684,0.0148133,-0.85953,0.510871,-0.332243,0,0,0,1
132776518170103585,-0.492892,0.263486,0.829237,0.33692,-0.867913,-0.216281,-0.447158,0.103726,0.0615281,-0.940105,0.335285,-0.31595,0,0,0,1
132776518171411918,-0.496815,0.127074,0.858503,0.303924,-0.863011,-0.176725,-0.473266,0.125763,0.0915785,-0.976023,0.197466,-0.30604,0,0,0,1
132776518171631921,-0.499603,0.101902,0.86024,0.297802,-0.860386,-0.173766,-0.479104,0.129574,0.100659,-0.9795,0.174489,-0.303736,0,0,0,1
132776518172311826,-0.529855,0.0180427,0.847897,0.276037,-0.83845,-0.161449,-0.520516,0.140405,0.127501,-0.986716,0.100672,-0.295829,0,0,0,1
132776518172531826,-0.538488,-0.0136307,0.842523,0.268315,-0.830668,-0.159309,-0.533489,0.143868,0.141493,-0.987135,0.0744634,-0.292652,0,0,0,1
132776518172751829,-0.543898,-0.0455199,0.837916,0.260602,-0.824498,-0.156797,-0.543707,0.146785,0.156132,-0.986581,0.0477507,-0.289864,0,0,0,1
132776518172971832,-0.544195,-0.0786013,0.835269,0.252946,-0.821108,-0.154387,-0.549497,0.149843,0.172145,-0.984879,0.0194762,-0.28659,0,0,0,1
132776518173191835,-0.541616,-0.112647,0.833044,0.245123,-0.819371,-0.150695,-0.553103,0.152446,0.187841,-0.982141,-0.0106807,-0.282938,0,0,0,1
132776518173411842,-0.538074,-0.146483,0.830072,0.237309,-0.81849,-0.144468,-0.556061,0.155036,0.201372,-0.978607,-0.0421605,-0.279087,0,0,0,1
132776518173631840,-0.529479,-0.178012,0.829436,0.230074,-0.82145,-0.136558,-0.553689,0.15747,0.211829,-0.974507,-0.0739235,-0.276185,0,0,0,1
132776518174093252,-0.500064,-0.238085,0.832617,0.216476,-0.836297,-0.116838,-0.535684,0.16147,0.22482,-0.964191,-0.140683,-0.271427,0,0,0,1
132776518174531940,-0.473279,-0.291815,0.831175,0.204187,-0.849275,-0.0994461,-0.518499,0.162806,0.233963,-0.951291,-0.200765,-0.267001,0,0,0,1
132776518174751943,-0.458533,-0.31652,0.830399,0.198634,-0.856143,-0.093186,-0.508268,0.162751,0.238258,-0.943998,-0.228258,-0.265158,0,0,0,1
132776518175191952,-0.426449,-0.356779,0.831174,0.189957,-0.870723,-0.0868915,-0.484037,0.161261,0.244916,-0.930139,-0.273601,-0.262836,0,0,0,1
132776518175411953,-0.410769,-0.373851,0.831568,0.186302,-0.877859,-0.084154,-0.471468,0.159707,0.246239,-0.923663,-0.29362,-0.261546,0,0,0,1
132776518175631959,-0.398311,-0.39176,0.829381,0.182754,-0.88312,-0.0805722,-0.462177,0.157886,0.247887,-0.916533,-0.313879,-0.260998,0,0,0,1
132776518175851961,-0.386457,-0.407717,0.827295,0.179571,-0.888586,-0.0757368,-0.452413,0.15592,0.247114,-0.909962,-0.333023,-0.260056,0,0,0,1
132776518176093300,-0.372538,-0.423089,0.82596,0.176408,-0.89514,-0.0709765,-0.440098,0.153816,0.244824,-0.903304,-0.352282,-0.259747,0,0,0,1
132776518176971988,-0.352602,-0.460456,0.814648,0.166245,-0.893988,-0.0914841,-0.438652,0.140901,0.276507,-0.882955,-0.379385,-0.253999,0,0,0,1
132776518177191991,-0.340992,-0.47474,0.811386,0.163548,-0.898197,-0.0901856,-0.430243,0.138718,0.277429,-0.875493,-0.395657,-0.25344,0,0,0,1
132776518177632001,-0.317356,-0.503102,0.803849,0.158467,-0.910585,-0.0750299,-0.406454,0.136288,0.264801,-0.860964,-0.434306,-0.25372,0,0,0,1
132776518178311997,-0.281184,-0.537105,0.79527,0.153147,-0.921541,-0.0801024,-0.379928,0.131468,0.267764,-0.839704,-0.472441,-0.252494,0,0,0,1
132776518179412012,-0.282101,-0.597156,0.750882,0.143914,-0.908765,-0.0845468,-0.408654,0.11663,0.307515,-0.797657,-0.518824,-0.256449,0,0,0,1
132776518179632017,-0.279269,-0.614235,0.738054,0.141392,-0.906357,-0.085175,-0.413838,0.113741,0.317058,-0.784512,-0.53293,-0.258097,0,0,0,1
132776518180531948,-0.263502,-0.670463,0.693576,0.132215,-0.894767,-0.0988194,-0.435463,0.10408,0.3605,-0.735333,-0.573869,-0.261277,0,0,0,1
132776518180751951,-0.267499,-0.678414,0.684251,0.129806,-0.887444,-0.103166,-0.449221,0.101536,0.375349,-0.727401,-0.574457,-0.260918,0,0,0,1
132776518181191957,-0.276577,-0.691585,0.667245,0.12524,-0.873231,-0.109019,-0.474955,0.0971358,0.401215,-0.71402,-0.573761,-0.259956,0,0,0,1
132776518181411963,-0.280047,-0.697092,0.660028,0.123012,-0.867846,-0.110081,-0.484485,0.0959185,0.410387,-0.708481,-0.57414,-0.259282,0,0,0,1
132776518182093364,-0.282811,-0.710969,0.643849,0.116454,-0.860198,-0.108976,-0.498179,0.0943853,0.424354,-0.694728,-0.580755,-0.257627,0,0,0,1
132776518182312051,-0.281253,-0.717061,0.637747,0.11421,-0.858557,-0.108857,-0.501028,0.0939153,0.428691,-0.688458,-0.585021,-0.257203,0,0,0,1
132776518182532054,-0.278128,-0.724773,0.630356,0.111519,-0.856883,-0.109331,-0.503785,0.0934062,0.434047,-0.680257,-0.590638,-0.25661,0,0,0,1
132776518183412065,-0.267296,-0.759238,0.593389,0.0991988,-0.849627,-0.104838,-0.516859,0.0909134,0.454629,-0.642313,-0.617047,-0.25561,0,0,0,1
132776518183632068,-0.263278,-0.770086,0.581078,0.0959221,-0.846274,-0.104809,-0.522336,0.0900389,0.463146,-0.629271,-0.62411,-0.25521,0,0,0,1
132776518183852070,-0.257604,-0.782413,0.566984,0.0923319,-0.843535,-0.104089,-0.526891,0.0891808,0.471263,-0.614,-0.633179,-0.254986,0,0,0,1
132776518184093445,-0.242875,-0.797324,0.552528,0.0887133,-0.842626,-0.108798,-0.527394,0.0883434,0.480617,-0.593665,-0.645421,-0.254214,0,0,0,1
132776518187412111,-0.178918,-0.857702,0.482011,0.0684587,-0.876465,-0.0836281,-0.474146,0.0893276,0.446986,-0.5073,-0.736784,-0.245901,0,0,0,1
132776518187632115,-0.177762,-0.857575,0.482666,0.068489,-0.879059,-0.0820842,-0.469592,0.0894592,0.44233,-0.507768,-0.739267,-0.245369,0,0,0,1
132776518187852118,-0.175258,-0.857844,0.483103,0.0685092,-0.882118,-0.0810874,-0.463997,0.0894476,0.43721,-0.507473,-0.742508,-0.245006,0,0,0,1
132776518188093471,-0.173652,-0.859266,0.481152,0.0682002,-0.883902,-0.0794402,-0.460876,0.0893702,0.434238,-0.505323,-0.745711,-0.244644,0,0,0,1
132776518189852154,-0.139475,-0.868737,0.475228,0.0644885,-0.885239,-0.105668,-0.452976,0.0861042,0.443733,-0.483869,-0.754302,-0.243505,0,0,0,1
132776518191172172,-0.127544,-0.872825,0.471072,0.0619771,-0.887871,-0.111211,-0.44645,0.0869509,0.442061,-0.475193,-0.760772,-0.245876,0,0,0,1
132776518192492190,-0.129998,-0.868355,0.478601,0.0631347,-0.893405,-0.106767,-0.436382,0.0901996,0.430033,-0.484314,-0.761913,-0.247349,0,0,0,1
132776518193812207,-0.136486,-0.864753,0.483295,0.0687794,-0.902294,-0.0928781,-0.420999,0.0944129,0.408947,-0.493534,-0.767585,-0.248019,0,0,0,1
132776518194472217,-0.143233,-0.865785,0.479479,0.0716594,-0.905845,-0.0804673,-0.415897,0.0961245,0.39866,-0.493904,-0.772741,-0.247531,0,0,0,1
132776518195352228,-0.150126,-0.867544,0.474162,0.0744599,-0.908997,-0.0674987,-0.4113,0.0977929,0.388826,-0.492759,-0.778461,-0.24612,0,0,0,1
132776518196093465,-0.151036,-0.868028,0.472986,0.0763787,-0.911574,-0.062785,-0.406313,0.0990301,0.382387,-0.49253,-0.781789,-0.245215,0,0,0,1
132776518196532147,-0.150846,-0.867755,0.473546,0.0776671,-0.912864,-0.0615598,-0.403596,0.099542,0.379374,-0.493164,-0.782856,-0.244639,0,0,0,1
132776518196972153,-0.151571,-0.867451,0.473873,0.0789096,-0.913579,-0.0600823,-0.402199,0.0996784,0.377359,-0.493882,-0.783378,-0.244044,0,0,0,1
132776518197192156,-0.152234,-0.867522,0.47353,0.0795434,-0.913867,-0.0589074,-0.401718,0.0996526,0.376393,-0.493899,-0.783832,-0.24372,0,0,0,1
132776518198532269,-0.161917,-0.867148,0.470997,0.0818902,-0.914356,-0.04767,-0.402097,0.100221,0.371129,-0.495765,-0.785163,-0.242737,0,0,0,1
