315.941,170.782,640,360
132716853327266272,494.719,495.175,0.319305,0.0700755,-0.945059,-0.0202098,-0.0605683,0.996733,0.0534432,0.146483,0.945716,0.040175,0.322507,0.0106532,0,0,0,1
132716853327932665,494.719,495.175,0.321039,0.0677601,-0.94464,-0.0206378,-0.0626578,0.996772,0.0502054,0.147097,0.944992,0.0430704,0.324249,0.0104887,0,0,0,1
132716853328265861,495.167,495.617,0.322523,0.0667227,-0.944209,-0.0208187,-0.0638344,0.996776,0.0486331,0.147429,0.944408,0.0445867,0.325742,0.0102901,0,0,0,1
132716853328599058,495.615,496.06,0.324923,0.0648882,-0.943513,-0.021008,-0.0641783,0.996857,0.0464555,0.147754,0.943561,0.0454579,0.328066,0.00998153,0,0,0,1
132716853328932254,496.063,496.502,0.327421,0.0640185,-0.942709,-0.021171,-0.0645875,0.996886,0.0452654,0.14797,0.94267,0.0460655,0.330536,0.00964475,0,0,0,1
132716853329265450,496.66,497.091,0.329167,0.0636513,-0.942125,-0.0212767,-0.0651394,0.99688,0.0445919,0.148112,0.942024,0.0466906,0.332286,0.00947812,0,0,0,1
132716853329598646,497.124,497.547,0.329877,0.0638093,-0.941866,-0.021324,-0.0649509,0.996884,0.0447884,0.148197,0.941788,0.0463996,0.332994,0.00948532,0,0,0,1
132716853329931843,497.438,497.855,0.330358,0.0636632,-0.941708,-0.0214395,-0.0644181,0.996918,0.0447973,0.148284,0.941656,0.0458632,0.333441,0.00952634,0,0,0,1
132716853330265039,497.91,498.317,0.331137,0.0623148,-0.941524,-0.0216335,-0.0644086,0.996983,0.0433328,0.148474,0.941383,0.0462924,0.334151,0.00958204,0,0,0,1
132716853330598235,498.538,498.933,0.332062,0.0607141,-0.941303,-0.021758,-0.0644904,0.997053,0.0415599,0.148745,0.941051,0.0469039,0.334999,0.00964391,0,0,0,1
132716853330931432,498.853,499.241,0.332884,0.0590898,-0.941116,-0.0218536,-0.0650495,0.997097,0.039596,0.149066,0.940723,0.0480377,0.335761,0.00971165,0,0,0,1
132716853331264629,499.481,499.857,0.332877,0.0586675,-0.941145,-0.0218,-0.0661368,0.997058,0.0387608,0.149235,0.940649,0.0493411,0.335778,0.00983874,0,0,0,1
132716853331597825,499.481,499.857,0.332405,0.0580686,-0.941349,-0.0216906,-0.068027,0.99698,0.0374791,0.14937,0.940681,0.0515782,0.335351,0.0100111,0,0,0,1
132716853331931021,498.853,499.241,0.331784,0.0581214,-0.941565,-0.0214836,-0.0697612,0.99688,0.0369539,0.149452,0.940774,0.0534236,0.334803,0.0101281,0,0,0,1
132716853332264217,498.538,498.933,0.331731,0.057437,-0.941626,-0.0212957,-0.069742,0.996908,0.0362394,0.149522,0.940794,0.0536483,0.33471,0.0101425,0,0,0,1
132716853332597414,497.91,498.317,0.330909,0.0583548,-0.941858,-0.0211182,-0.0691702,0.996903,0.0374632,0.149333,0.941125,0.052751,0.333921,0.0101985,0,0,0,1
132716853332930610,497.438,497.855,0.33013,0.0582035,-0.942141,-0.0209303,-0.0690263,0.996915,0.0374002,0.149295,0.941409,0.0526848,0.333129,0.01024,0,0,0,1
132716853333263806,497.124,497.547,0.330065,0.0582062,-0.942164,-0.0207693,-0.0685422,0.996941,0.0375784,0.149296,0.941467,0.0521737,0.333045,0.0102507,0,0,0,1
132716853333597003,496.66,497.091,0.330097,0.0587184,-0.94212,-0.020659,-0.0681916,0.99694,0.0382424,0.149248,0.941482,0.0516203,0.333091,0.0102444,0,0,0,1
132716853333930200,496.063,496.502,0.33091,0.0577996,-0.941892,-0.0205346,-0.0682777,0.996974,0.0371921,0.149389,0.94119,0.0520024,0.333855,0.0100801,0,0,0,1
132716853334263395,495.615,496.06,0.332416,0.0566404,-0.941432,-0.0203971,-0.0674367,0.997069,0.0361761,0.149552,0.94072,0.051461,0.335261,0.00981648,0,0,0,1
132716853334596592,495.615,496.06,0.332661,0.0569334,-0.941328,-0.0202138,-0.0660731,0.997131,0.0369587,0.149482,0.94073,0.0499009,0.335468,0.00962356,0,0,0,1
132716853334929789,495.615,496.06,0.332564,0.057111,-0.941352,-0.0199942,-0.0645059,0.997205,0.0377108,0.149399,0.940873,0.0481811,0.335319,0.00943895,0,0,0,1
132716853335262985,495.615,496.06,0.331977,0.0563376,-0.941605,-0.0197284,-0.0633242,0.997295,0.0373438,0.149423,0.941161,0.0472285,0.334646,0.00931424,0,0,0,1
132716853335596181,495.615,496.06,0.331014,0.0554126,-0.941999,-0.0194412,-0.0620718,0.997392,0.0368594,0.149481,0.941583,0.04627,0.333591,0.00918943,0,0,0,1
132716853335929378,495.615,496.06,0.330213,0.0550515,-0.942301,-0.0191126,-0.0610449,0.997454,0.0368816,0.149529,0.941931,0.0453432,0.332733,0.00907694,0,0,0,1
132716853336262574,495.615,496.06,0.330014,0.0550274,-0.942373,-0.0187895,-0.060863,0.997464,0.0369305,0.149523,0.942013,0.0451672,0.332526,0.00890811,0,0,0,1
132716853336595770,495.615,496.06,0.329816,0.0548435,-0.942452,-0.0184283,-0.0606868,0.997479,0.036808,0.149542,0.942094,0.045054,0.332312,0.00873703,0,0,0,1
132716853336928967,495.615,496.06,0.330013,0.0548454,-0.942383,-0.0180457,-0.0603619,0.997495,0.0369148,0.149501,0.942045,0.0447009,0.332497,0.00856285,0,0,0,1
132716853337262163,495.615,496.06,0.330523,0.0557455,-0.942152,-0.0176485,-0.0606788,0.997445,0.0377301,0.149339,0.941846,0.0446974,0.333061,0.00839774,0,0,0,1
132716853337595360,495.615,496.06,0.330854,0.0570554,-0.941957,-0.0172563,-0.0607958,0.997387,0.039059,0.149187,0.941723,0.0443436,0.333458,0.00820933,0,0,0,1
132716853337928555,495.167,495.617,0.331767,0.0577251,-0.941595,-0.0168302,-0.0606369,0.997368,0.0397793,0.149117,0.941412,0.043897,0.334394,0.00796691,0,0,0,1
132716853338261752,494.569,495.027,0.333597,0.0577182,-0.940949,-0.0164631,-0.0606703,0.99737,0.0396696,0.1491,0.940762,0.0438533,0.336222,0.00762199,0,0,0,1
132716853338594948,494.121,494.585,0.335627,0.058203,-0.940197,-0.0161049,-0.0599656,0.997386,0.0403372,0.149051,0.940085,0.0428404,0.33824,0.00727832,0,0,0,1
132716853338928145,493.972,494.438,0.337389,0.0584807,-0.939549,-0.0157602,-0.059942,0.997379,0.0405555,0.149009,0.939456,0.0426348,0.340009,0.00700614,0,0,0,1
132716853339261341,494.121,494.585,0.33825,0.0589503,-0.939209,-0.0154083,-0.0598291,0.997365,0.0410535,0.148962,0.939154,0.042305,0.340886,0.00689855,0,0,0,1
132716853339594538,494.569,495.027,0.338283,0.0590716,-0.93919,-0.0150362,-0.0599363,0.997355,0.0411418,0.14894,0.939135,0.0423735,0.340929,0.00696646,0,0,0,1
132716853339927734,495.167,495.617,0.337975,0.0590684,-0.939301,-0.0146483,-0.0610856,0.997302,0.0407364,0.148978,0.939172,0.0436091,0.340671,0.00713016,0,0,0,1
132716853340260930,495.615,496.06,0.337511,0.0597804,-0.939423,-0.0143381,-0.0622135,0.997217,0.0411064,0.148933,0.939265,0.0445704,0.34029,0.00737426,0,0,0,1
132716853340594126,495.615,496.06,0.336071,0.0605565,-0.93989,-0.0141044,-0.063315,0.997127,0.0416052,0.148875,0.939707,0.0455262,0.33894,0.0077488,0,0,0,1
132716853340927322,495.615,496.06,0.334284,0.0607165,-0.940516,-0.0139763,-0.0641994,0.997073,0.0415497,0.148869,0.940284,0.0464902,0.337204,0.00813828,0,0,0,1
132716853341260519,495.615,496.06,0.332548,0.0608,-0.941126,-0.0139507,-0.0647334,0.997039,0.0415387,0.148907,0.940863,0.047108,0.335499,0.00844786,0,0,0,1
132716853341593715,495.615,496.06,0.331125,0.0605344,-0.941645,-0.0140673,-0.0648492,0.997041,0.0412917,0.148961,0.941357,0.0473917,0.334071,0.00864102,0,0,0,1
132716853341926912,495.615,496.06,0.330154,0.0601054,-0.942013,-0.0143023,-0.0644808,0.997077,0.0410197,0.149051,0.941724,0.0471983,0.333064,0.00873233,0,0,0,1
132716853342260108,495.615,496.06,0.330022,0.0594062,-0.942104,-0.0146808,-0.0637014,0.997145,0.0405622,0.149168,0.941823,0.0466262,0.332864,0.00864314,0,0,0,1
132716853342593305,495.615,496.06,0.330954,0.0586565,-0.941824,-0.0151609,-0.0627345,0.997227,0.0400625,0.149285,0.941561,0.045825,0.333716,0.00843337,0,0,0,1
132716853342926501,495.615,496.06,0.33218,0.0575242,-0.941462,-0.015722,-0.0618078,0.997322,0.0391293,0.149462,0.94119,0.0451912,0.334846,0.0081888,0,0,0,1
132716853343259697,495.615,496.06,0.333314,0.0561362,-0.941145,-0.0162558,-0.0609671,0.997421,0.037901,0.149722,0.940844,0.0447452,0.335877,0.00798938,0,0,0,1
132716853343592893,495.615,496.06,0.334193,0.0547933,-0.940912,-0.016777,-0.0604726,0.9975,0.03661,0.149937,0.940564,0.0446639,0.336671,0.00786625,0,0,0,1
132716853343926090,495.615,496.06,0.334612,0.0534097,-0.940843,-0.01715,-0.0602164,0.997565,0.0352137,0.150191,0.940431,0.0448706,0.337014,0.00783442,0,0,0,1
132716853344259286,495.615,496.06,0.334809,0.0518404,-0.94086,-0.0174104,-0.0602352,0.997622,0.033533,0.150467,0.94036,0.0454451,0.337136,0.0078572,0,0,0,1
132716853344592483,495.615,496.06,0.334554,0.0516697,-0.94096,-0.0175257,-0.0605595,0.997612,0.033249,0.150578,0.94043,0.0458599,0.336884,0.00796962,0,0,0,1
132716853344925679,495.615,496.06,0.334027,0.0513801,-0.941164,-0.0175084,-0.0606865,0.997615,0.0329239,0.15067,0.940609,0.0461177,0.336349,0.0081605,0,0,0,1
132716853345258876,495.615,496.06,0.333318,0.0514165,-0.941413,-0.0174085,-0.0610564,0.997594,0.0328673,0.150673,0.940836,0.0465234,0.335656,0.00841831,0,0,0,1
132716853345592072,495.615,496.06,0.332346,0.0523875,-0.941703,-0.0172047,-0.0619644,0.997513,0.0336238,0.150593,0.941121,0.0471767,0.334766,0.00873847,0,0,0,1
132716853345925268,495.615,496.06,0.331397,0.0533135,-0.941986,-0.0169943,-0.0626987,0.997441,0.0343944,0.150479,0.941407,0.0476626,0.333891,0.00906891,0,0,0,1
132716853346258465,495.615,496.06,0.330921,0.0546905,-0.942074,-0.0167598,-0.0632582,0.99736,0.0356796,0.150332,0.941537,0.0477858,0.333507,0.00932336,0,0,0,1
132716853346591661,495.615,496.06,0.331411,0.0560486,-0.941822,-0.0166468,-0.0631504,0.997314,0.0371295,0.150159,0.941372,0.0471707,0.33406,0.00931865,0,0,0,1
132716853346924857,495.615,496.06,0.333875,0.0567043,-0.940912,-0.0165777,-0.0624838,0.997326,0.0379324,0.150059,0.940545,0.0461263,0.336525,0.00902852,0,0,0,1
132716853347258054,495.615,496.06,0.336421,0.0567355,-0.940002,-0.0166744,-0.0628537,0.997311,0.0376998,0.150075,0.939613,0.0463988,0.339082,0.00867948,0,0,0,1
132716853347591250,495.615,496.06,0.337181,0.0562343,-0.93976,-0.016699,-0.0632999,0.997311,0.0369664,0.150219,0.939311,0.0470217,0.339834,0.00854431,0,0,0,1
132716853347924446,495.615,496.06,0.336606,0.0551434,-0.940031,-0.0166517,-0.0629609,0.997369,0.0359621,0.150402,0.939539,0.0470794,0.339192,0.00858507,0,0,0,1
132716853348257643,495.615,496.06,0.335581,0.0542823,-0.940448,-0.0165599,-0.0630917,0.997393,0.0350562,0.150529,0.939898,0.0475698,0.33813,0.00871393,0,0,0,1
132716853348590840,495.615,496.06,0.334774,0.054312,-0.940734,-0.0163997,-0.0634915,0.99737,0.0349877,0.150496,0.940158,0.048015,0.337341,0.00884236,0,0,0,1
132716853348924035,495.615,496.06,0.334218,0.0550941,-0.940886,-0.0162053,-0.0634827,0.99734,0.0358498,0.150352,0.940357,0.0477477,0.336827,0.00889333,0,0,0,1
132716853349257232,495.615,496.06,0.334675,0.0563207,-0.94065,-0.0160282,-0.0623898,0.997348,0.0375178,0.15012,0.940267,0.04613,0.337301,0.00873834,0,0,0,1
132716853349590428,495.615,496.06,0.337396,0.0576045,-0.9396,-0.0160007,-0.0615303,0.997342,0.0390501,0.149888,0.939351,0.0446378,0.340044,0.0083064,0,0,0,1
132716853349923625,495.615,496.06,0.340956,0.0584033,-0.938265,-0.0161195,-0.0606693,0.997356,0.0400348,0.149775,0.938121,0.0432732,0.343597,0.00771157,0,0,0,1
132716853350256821,495.615,496.06,0.347158,0.0589465,-0.935954,-0.0164706,-0.0600322,0.997374,0.0405481,0.149746,0.935884,0.0421099,0.349785,0.00679415,0,0,0,1
132716853350590018,495.615,496.06,0.355122,0.0596303,-0.932918,-0.0170537,-0.0597752,0.997371,0.0409963,0.149741,0.932908,0.041206,0.357752,0.0056107,0,0,0,1
132716853350923214,495.615,496.06,0.366374,0.0612902,-0.928448,-0.0178469,-0.0603621,0.997293,0.0420155,0.14968,0.928509,0.040649,0.369082,0.00396603,0,0,0,1
132716853351256410,495.615,496.06,0.381324,0.0637619,-0.922241,-0.0188213,-0.060788,0.99719,0.0438096,0.149517,0.922442,0.0393546,0.384128,0.0018661,0,0,0,1
132716853351589606,495.615,496.06,0.396563,0.0639586,-0.915778,-0.0198383,-0.0625391,0.997136,0.0425592,0.149692,0.915876,0.0403939,0.399427,-2.91765e-05,0,0,0,1
132716853354588373,494.569,495.027,0.457228,0.0728778,-0.88636,-0.0233235,-0.0636066,0.996766,0.0491442,0.149101,0.887073,0.0339076,0.460384,-0.00803041,0,0,0,1
132716853354921569,494.121,494.585,0.46816,0.0738432,-0.880554,-0.0241896,-0.0631412,0.996752,0.0500178,0.149023,0.881386,0.0321822,0.471301,-0.0097702,0,0,0,1
132716853355254766,493.972,494.438,0.477688,0.074671,-0.875352,-0.0250242,-0.063559,0.996709,0.0503388,0.149011,0.876229,0.0315893,0.480862,-0.0112232,0,0,0,1
132716853355587962,493.972,494.438,0.486847,0.0752692,-0.87024,-0.0258569,-0.0636074,0.996691,0.0506221,0.149026,0.87117,0.0307078,0.490023,-0.0125571,0,0,0,1
132716853355921158,493.972,494.438,0.494486,0.0749107,-0.865953,-0.0266191,-0.0649499,0.996679,0.0491312,0.149308,0.866757,0.0319482,0.497709,-0.0136296,0,0,0,1
132716853356254355,493.972,494.438,0.499038,0.0736274,-0.863449,-0.0271694,-0.0649298,0.996761,0.0474686,0.149612,0.864146,0.0323743,0.502202,-0.014304,0,0,0,1
132716853356587551,493.972,494.438,0.50222,0.0735224,-0.86161,-0.0275455,-0.065032,0.996769,0.0471498,0.149712,0.862292,0.032352,0.505379,-0.0147639,0,0,0,1
132716853356920747,493.972,494.438,0.503748,0.0740422,-0.860673,-0.0277117,-0.065372,0.996732,0.0474853,0.14968,0.861375,0.0323428,0.506941,-0.0150056,0,0,0,1
132716853357253944,493.972,494.438,0.50455,0.074585,-0.860156,-0.0277643,-0.0655108,0.996698,0.0479977,0.149613,0.860894,0.0321316,0.50777,-0.0151711,0,0,0,1
132716853357587141,493.972,494.438,0.505977,0.0755315,-0.859235,-0.0278881,-0.0654619,0.996649,0.0490626,0.149451,0.860061,0.0314223,0.509225,-0.0154717,0,0,0,1
132716853357920337,493.972,494.438,0.508061,0.076664,-0.857904,-0.0280998,-0.0658108,0.996575,0.0500822,0.14928,0.858804,0.0310141,0.511367,-0.0159248,0,0,0,1
132716853358253533,493.972,494.438,0.510853,0.0767055,-0.856241,-0.0284561,-0.0645524,0.996623,0.0507684,0.149188,0.857242,0.0293365,0.514079,-0.0165544,0,0,0,1
132716853358586730,493.972,494.438,0.515917,0.0761089,-0.853253,-0.0290184,-0.0624382,0.996738,0.0511546,0.149233,0.854361,0.0268834,0.518986,-0.017502,0,0,0,1
132716853358919926,493.972,494.438,0.52143,0.0750574,-0.849988,-0.0295828,-0.0604263,0.996872,0.0509594,0.149351,0.851153,0.0247892,0.524334,-0.0183922,0,0,0,1
132716853359253122,493.972,494.438,0.526294,0.073869,-0.84709,-0.0298789,-0.0601338,0.99696,0.0495774,0.149575,0.848175,0.0248459,0.529135,-0.0190586,0,0,0,1
132716853359586318,493.972,494.438,0.5289,0.0735322,-0.845494,-0.0297193,-0.061455,0.996944,0.0482606,0.149817,0.846457,0.026434,0.531802,-0.0193872,0,0,0,1
132716853359919515,493.972,494.438,0.529848,0.0727962,-0.844964,-0.0291802,-0.0629656,0.996937,0.0464058,0.15013,0.845753,0.0286151,0.532809,-0.0196228,0,0,0,1
132716853360252711,493.972,494.438,0.529821,0.0717685,-0.845069,-0.0283212,-0.0631456,0.996987,0.0450811,0.150317,0.845757,0.0294769,0.532756,-0.0199032,0,0,0,1
132716853360585907,493.972,494.438,0.530074,0.070968,-0.844978,-0.0272247,-0.0625775,0.99705,0.0444843,0.150263,0.84564,0.029296,0.532951,-0.0202524,0,0,0,1
132716853360919104,493.972,494.438,0.529366,0.0720866,-0.845327,-0.0258365,-0.0631895,0.996967,0.0454473,0.149866,0.846038,0.0293569,0.532315,-0.0205662,0,0,0,1
132716853361252300,493.972,494.438,0.52766,0.0752144,-0.846121,-0.0241621,-0.0652048,0.996721,0.0479387,0.149231,0.846951,0.0298752,0.530834,-0.0208541,0,0,0,1
132716853361585496,493.972,494.438,0.526061,0.0779741,-0.846867,-0.0223177,-0.0678059,0.996465,0.0496284,0.14865,0.847741,0.0313143,0.529488,-0.0214305,0,0,0,1
132716853361918693,493.972,494.438,0.524433,0.0801448,-0.847673,-0.0202715,-0.0714784,0.996191,0.0499651,0.148084,0.848447,0.0343863,0.528164,-0.0222607,0,0,0,1
132716853362251889,493.972,494.438,0.522295,0.082754,-0.848742,-0.017974,-0.0748291,0.99589,0.0510534,0.147321,0.849476,0.0368451,0.526341,-0.0234917,0,0,0,1
132716853362585085,493.972,494.438,0.520359,0.0850468,-0.849704,-0.0153189,-0.0778969,0.995608,0.0519466,0.146514,0.850389,0.0391577,0.524698,-0.0252609,0,0,0,1
132716853362918282,493.972,494.438,0.518292,0.0863685,-0.850833,-0.0121858,-0.0817778,0.995335,0.0512214,0.145908,0.851286,0.0430313,0.522936,-0.0275975,0,0,0,1
132716853363251478,493.972,494.438,0.516672,0.0881057,-0.85164,-0.00860681,-0.0860805,0.994997,0.0507137,0.145241,0.851847,0.0471067,0.521671,-0.0305542,0,0,0,1
132716853363584675,493.972,494.438,0.514565,0.091387,-0.852569,-0.00456126,-0.0907629,0.994524,0.0518239,0.144366,0.852636,0.0507143,0.520041,-0.0339512,0,0,0,1
132716853363917870,493.972,494.438,0.511735,0.0948554,-0.853893,-4.82798e-05,-0.0964585,0.993947,0.0526067,0.143394,0.853713,0.0554435,0.517787,-0.0377204,0,0,0,1
132716853364917459,493.972,494.438,0.499044,0.100651,-0.860714,0.0152212,-0.11388,0.992236,0.0500035,0.140769,0.859063,0.0730636,0.506631,-0.052022,0,0,0,1
132716853365250656,493.972,494.438,0.497485,0.102566,-0.861389,0.0204935,-0.11855,0.991709,0.0496162,0.139667,0.859335,0.0774338,0.505519,-0.0585297,0,0,0,1
132716853365583852,493.972,494.438,0.497855,0.106103,-0.860747,0.0257379,-0.122889,0.991106,0.0510939,0.138315,0.858511,0.0803376,0.506465,-0.0658806,0,0,0,1
132716853365917048,493.972,494.438,0.500318,0.109675,-0.858869,0.0307281,-0.125439,0.990662,0.0534333,0.137045,0.856709,0.0810012,0.509403,-0.0739741,0,0,0,1
132716853366250245,493.972,494.438,0.505777,0.112712,-0.855271,0.0351631,-0.126738,0.990379,0.0555696,0.135953,0.853305,0.0802887,0.515196,-0.0826491,0,0,0,1
132716853366583441,493.972,494.438,0.512285,0.114345,-0.851171,0.0390959,-0.126944,0.990293,0.056633,0.13499,0.849383,0.0790378,0.521827,-0.0915508,0,0,0,1
132716853366916638,493.972,494.438,0.521298,0.116611,-0.845371,0.0424695,-0.126335,0.990251,0.0586912,0.133792,0.843973,0.0762035,0.530948,-0.100839,0,0,0,1
132716853367249834,493.972,494.438,0.531433,0.118577,-0.838762,0.0455888,-0.125896,0.990215,0.0602223,0.132592,0.837694,0.0735917,0.541161,-0.11036,0,0,0,1
132716853367583030,493.972,494.438,0.542387,0.119007,-0.831659,0.048663,-0.125943,0.990249,0.0595636,0.131664,0.830637,0.0724342,0.552085,-0.11979,0,0,0,1
132716853367916227,493.972,494.438,0.551321,0.12141,-0.825413,0.0519576,-0.129074,0.989856,0.0593848,0.130732,0.824249,0.073799,0.561399,-0.128656,0,0,0,1
132716853368249423,493.972,494.438,0.557259,0.123463,-0.82111,0.0555706,-0.132943,0.989395,0.0585435,0.129929,0.819628,0.0765361,0.567762,-0.136845,0,0,0,1
132716853368582619,493.972,494.438,0.561182,0.123182,-0.818477,0.0593614,-0.135788,0.989168,0.0557702,0.129391,0.81648,0.0798413,0.571829,-0.14448,0,0,0,1
132716853368915816,493.972,494.438,0.563891,0.122062,-0.816781,0.0631984,-0.136955,0.989145,0.0532694,0.128741,0.814415,0.0818231,0.574487,-0.151737,0,0,0,1
132716853369249012,493.972,494.438,0.566712,0.121068,-0.814974,0.0668357,-0.137679,0.989154,0.0512042,0.127975,0.812332,0.0831863,0.577234,-0.158793,0,0,0,1
132716853369582208,493.972,494.438,0.570488,0.120672,-0.812395,0.0701842,-0.137574,0.989213,0.050328,0.127115,0.809703,0.0830519,0.580935,-0.165814,0,0,0,1
132716853369915405,493.972,494.438,0.575473,0.11827,-0.809225,0.0732255,-0.135393,0.989613,0.0483501,0.126522,0.806537,0.081739,0.585508,-0.172733,0,0,0,1
132716853370248601,493.972,494.438,0.581367,0.115482,-0.805407,0.0759501,-0.132517,0.990099,0.0463096,0.126,0.802779,0.0798064,0.590914,-0.179261,0,0,0,1
132716853370581797,493.972,494.438,0.586446,0.114621,-0.801839,0.0784047,-0.130798,0.990347,0.0459047,0.125435,0.799359,0.077958,0.595777,-0.185177,0,0,0,1
132716853370914993,493.972,494.438,0.593388,0.114287,-0.796764,0.0803152,-0.129224,0.990556,0.0458445,0.124946,0.794477,0.0757573,0.602552,-0.190834,0,0,0,1
132716853371248190,493.972,494.438,0.602072,0.113577,-0.790324,0.0817219,-0.127854,0.990773,0.0449837,0.124651,0.78814,0.0739619,0.611038,-0.196136,0,0,0,1
132716853371581386,493.972,494.438,0.610571,0.112177,-0.783978,0.0828675,-0.126441,0.991029,0.0433298,0.124485,0.781804,0.0726704,0.619276,-0.200933,0,0,0,1
132716853371914582,493.972,494.438,0.61977,0.111856,-0.776773,0.0837401,-0.12576,0.991156,0.0423867,0.124297,0.774643,0.0714163,0.628355,-0.205288,0,0,0,1
132716853372247779,493.972,494.438,0.628101,0.110716,-0.770217,0.0845456,-0.126457,0.991192,0.0393561,0.124287,0.767789,0.0726793,0.636569,-0.209079,0,0,0,1
132716853372580975,493.972,494.438,0.637008,0.110185,-0.762944,0.0851767,-0.127033,0.991206,0.0370871,0.124299,0.76032,0.0732935,0.645402,-0.21266,0,0,0,1
132716853372914171,493.972,494.438,0.647193,0.108895,-0.754511,0.0855952,-0.128656,0.991151,0.0326919,0.124626,0.751393,0.0759139,0.655475,-0.21602,0,0,0,1
132716853373247368,493.972,494.438,0.655801,0.107499,-0.747243,0.086077,-0.130102,0.991095,0.028399,0.125074,0.74364,0.0785925,0.663946,-0.218928,0,0,0,1
132716853373580564,493.972,494.438,0.662323,0.105867,-0.741703,0.0866651,-0.131769,0.990996,0.0237844,0.12561,0.737541,0.08198,0.670309,-0.221213,0,0,0,1
132716853373913760,493.972,494.438,0.66544,0.103193,-0.739285,0.0874857,-0.1313,0.991139,0.0201639,0.126122,0.734814,0.0836497,0.673092,-0.222742,0,0,0,1
132716853374246957,493.972,494.438,0.667401,0.100157,-0.737935,0.0883597,-0.128579,0.991532,0.0182883,0.126453,0.733516,0.0826766,0.674626,-0.223762,0,0,0,1
132716853374580153,493.972,494.438,0.669174,0.0973444,-0.736704,0.0891078,-0.124555,0.992052,0.0179476,0.126646,0.732594,0.0797494,0.675979,-0.224476,0,0,0,1
132716853374913350,493.972,494.438,0.670393,0.0957366,-0.735807,0.0897243,-0.121926,0.992377,0.0180326,0.126584,0.731921,0.0776244,0.676954,-0.224686,0,0,0,1
132716853375246546,493.972,494.438,0.670376,0.0948419,-0.735937,0.0902906,-0.119365,0.992667,0.0191962,0.126497,0.732358,0.0749754,0.67678,-0.2244,0,0,0,1
132716853375579742,493.972,494.438,0.671841,0.095122,-0.734564,0.0906582,-0.118739,0.992727,0.019952,0.126338,0.731117,0.0738169,0.678248,-0.224009,0,0,0,1
132716853375912938,493.972,494.438,0.672332,0.0959001,-0.734014,0.0910106,-0.119285,0.992652,0.0204305,0.126159,0.730577,0.0738201,0.678829,-0.223415,0,0,0,1
132716853376246134,493.972,494.438,0.673498,0.0985723,-0.732589,0.0912323,-0.120188,0.992485,0.0230484,0.125645,0.729354,0.0725252,0.680282,-0.222975,0,0,0,1
132716853376579331,493.972,494.438,0.675106,0.100959,-0.730782,0.0914189,-0.120459,0.992384,0.0258183,0.125035,0.727821,0.0705983,0.682124,-0.222711,0,0,0,1
132716853376912527,493.972,494.438,0.675537,0.103828,-0.729981,0.0915693,-0.120039,0.992316,0.0300549,0.124185,0.72749,0.0673223,0.682808,-0.222381,0,0,0,1
132716853377245724,493.972,494.438,0.676477,0.106598,-0.72871,0.0915954,-0.118969,0.992293,0.0347146,0.123288,0.726792,0.0632094,0.683944,-0.222165,0,0,0,1
132716853377578920,493.972,494.438,0.677158,0.108396,-0.727812,0.091623,-0.118667,0.992232,0.03737,0.122706,0.726207,0.0610609,0.68476,-0.221807,0,0,0,1
132716853377912116,493.972,494.438,0.677191,0.108438,-0.727775,0.091631,-0.118335,0.992258,0.0377365,0.122513,0.726231,0.0605655,0.684779,-0.221345,0,0,0,1
132716853378245313,493.972,494.438,0.67784,0.109163,-0.727063,0.0916171,-0.118757,0.992188,0.0382523,0.122391,0.725556,0.0604137,0.685507,-0.220897,0,0,0,1
132716853378578508,493.972,494.438,0.678051,0.109848,-0.726763,0.0916494,-0.119518,0.992089,0.0384443,0.122283,0.725234,0.060793,0.685814,-0.22051,0,0,0,1
132716853378911705,493.972,494.438,0.68024,0.111134,-0.724518,0.0914316,-0.119702,0.992015,0.0397793,0.122018,0.72315,0.0596656,0.688109,-0.22061,0,0,0,1
132716853379244901,493.972,494.438,0.685884,0.114037,-0.718722,0.0906313,-0.119055,0.991924,0.0437693,0.121437,0.717907,0.055546,0.69392,-0.221596,0,0,0,1
132716853379578098,493.972,494.438,0.697619,0.119125,-0.706499,0.0888787,-0.116858,0.991796,0.0518398,0.120335,0.706876,0.046395,0.705815,-0.223966,0,0,0,1
132716853379911294,493.972,494.438,0.716493,0.124815,-0.68634,0.0859272,-0.114124,0.991582,0.0611869,0.118944,0.688198,0.0344872,0.724704,-0.227777,0,0,0,1
132716853380244490,493.972,494.438,0.742092,0.131496,-0.657276,0.0816925,-0.113261,0.99107,0.0703995,0.117579,0.660661,0.0221998,0.750357,-0.232638,0,0,0,1
132716853380577687,493.972,494.438,0.76483,0.133576,-0.630235,0.0773467,-0.114071,0.990892,0.0715834,0.117159,0.634055,0.0171423,0.773099,-0.236788,0,0,0,1
132716853380910883,493.972,494.438,0.784314,0.135827,-0.605315,0.0731892,-0.113984,0.990679,0.0746092,0.116777,0.609805,0.0104782,0.792483,-0.240325,0,0,0,1
132716853381244079,493.972,494.438,0.804383,0.139436,-0.57752,0.0688933,-0.116147,0.990221,0.0773063,0.116503,0.58265,0.00489256,0.81271,-0.243768,0,0,0,1
132716853381577276,493.972,494.438,0.819345,0.141677,-0.555523,0.0653332,-0.118854,0.989911,0.077163,0.116506,0.560848,0.00280228,0.827915,-0.246486,0,0,0,1
132716853381910472,493.972,494.438,0.831099,0.142171,-0.537647,0.0621908,-0.118603,0.989843,0.0784091,0.116403,0.543332,-0.00139958,0.839517,-0.24877,0,0,0,1
132716853382243668,493.972,494.438,0.840957,0.143057,-0.521851,0.0594224,-0.11953,0.989709,0.078691,0.116364,0.527737,-0.00379914,0.8494,-0.250468,0,0,0,1
132716853382576864,493.972,494.438,0.847597,0.143521,-0.510867,0.0573401,-0.120506,0.989638,0.07809,0.116549,0.516779,-0.0046266,0.856107,-0.251559,0,0,0,1
132716853382910060,493.972,494.438,0.85315,0.142884,-0.501719,0.055665,-0.122235,0.98974,0.0740119,0.117232,0.507145,-0.00181636,0.86186,-0.252255,0,0,0,1
132716853383243257,493.972,494.438,0.856528,0.142051,-0.496169,0.0544777,-0.123314,0.989861,0.0705184,0.117896,0.501154,0.000783056,0.865359,-0.252535,0,0,0,1
132716853383576453,493.972,494.438,0.859906,0.141403,-0.490479,0.0533567,-0.12475,0.989946,0.0666858,0.118566,0.494976,0.00384319,0.868899,-0.252834,0,0,0,1
132716853383909650,493.972,494.438,0.862705,0.140487,-0.485806,0.0524495,-0.125667,0.990062,0.0631491,0.119118,0.489848,0.00657007,0.871784,-0.253016,0,0,0,1
132716853384242846,493.972,494.438,0.866013,0.139461,-0.480183,0.0514806,-0.126247,0.990191,0.0598978,0.119695,0.483824,0.0087488,0.875122,-0.253181,0,0,0,1
132716853384576042,493.972,494.438,0.869108,0.137371,-0.475166,0.0505934,-0.128003,0.990401,0.0522005,0.120829,0.477775,0.0154541,0.878347,-0.253123,0,0,0,1
132716853384909239,493.972,494.438,0.87264,0.135254,-0.469263,0.0495338,-0.128786,0.990605,0.0460301,0.121987,0.471079,0.0202662,0.881859,-0.252942,0,0,0,1
132716853385242435,493.972,494.438,0.87765,0.131933,-0.460791,0.0481347,-0.12973,0.990875,0.0366147,0.123585,0.461415,0.0276429,0.886755,-0.252782,0,0,0,1
132716853385575631,493.972,494.438,0.883711,0.128959,-0.449921,0.0464401,-0.131462,0.990986,0.0258315,0.125342,0.449195,0.0363192,0.892696,-0.252611,0,0,0,1
132716853385908827,493.972,494.438,0.889777,0.126639,-0.438478,0.0447352,-0.133282,0.990955,0.0157423,0.127027,0.436504,0.0444334,0.898605,-0.252364,0,0,0,1
132716853386242023,493.972,494.438,0.895877,0.124513,-0.426501,0.0430688,-0.135327,0.99079,0.00499564,0.128806,0.423194,0.053241,0.904474,-0.252068,0,0,0,1
132716853386575220,493.972,494.438,0.901084,0.122918,-0.415863,0.0415812,-0.137692,0.990461,-0.0055941,0.130477,0.411207,0.0623011,0.909411,-0.251609,0,0,0,1
132716853386908416,493.972,494.438,0.905643,0.12192,-0.40614,0.0403189,-0.139453,0.990135,-0.0137328,0.131914,0.400457,0.0690736,0.913709,-0.251105,0,0,0,1
132716853387241613,493.972,494.438,0.909012,0.121492,-0.398672,0.039406,-0.141822,0.989654,-0.0217772,0.133197,0.391901,0.0763355,0.916836,-0.250577,0,0,0,1
132716853387574809,493.972,494.438,0.911529,0.121321,-0.392938,0.0387801,-0.143181,0.989339,-0.0266843,0.134033,0.38551,0.0805838,0.919179,-0.250077,0,0,0,1
132716853387908005,493.972,494.438,0.913476,0.120253,-0.388721,0.0383008,-0.144084,0.989029,-0.0326267,0.134989,0.380532,0.0858113,0.920779,-0.249555,0,0,0,1
132716853388241202,493.972,494.438,0.914658,0.119477,-0.386171,0.0379927,-0.14506,0.988707,-0.037683,0.135824,0.377306,0.0904839,0.921658,-0.249021,0,0,0,1
132716853388574397,493.972,494.438,0.915557,0.11851,-0.384338,0.037779,-0.145667,0.988434,-0.0422194,0.136549,0.374888,0.0946387,0.922228,-0.248536,0,0,0,1
132716853388907594,493.972,494.438,0.916008,0.117576,-0.383547,0.0376613,-0.146038,0.988218,-0.0458393,0.137104,0.373637,0.0980008,0.922384,-0.248074,0,0,0,1
132716853389240790,493.972,494.438,0.916395,0.116906,-0.382827,0.0375153,-0.146263,0.988063,-0.0483893,0.137531,0.372599,0.100336,0.922553,-0.247754,0,0,0,1
132716853389573987,493.972,494.438,0.916903,0.116325,-0.381786,0.0373605,-0.146419,0.987928,-0.0506319,0.137872,0.371286,0.102324,0.922864,-0.247588,0,0,0,1
132716853389907183,493.972,494.438,0.917015,0.116068,-0.381594,0.0373078,-0.146159,0.987961,-0.0507339,0.137902,0.37111,0.102297,0.922937,-0.247558,0,0,0,1
132716853390240379,493.972,494.438,0.917123,0.115668,-0.381458,0.0372171,-0.145444,0.988101,-0.0500647,0.137825,0.371126,0.101395,0.923031,-0.247643,0,0,0,1
132716853390573576,493.972,494.438,0.917214,0.115045,-0.381427,0.0371235,-0.144767,0.9882,-0.0500619,0.137775,0.371166,0.101135,0.923044,-0.247747,0,0,0,1
132716853390906772,493.972,494.438,0.917384,0.114371,-0.38122,0.036977,-0.143996,0.988316,-0.0500081,0.137723,0.371045,0.10077,0.923132,-0.247886,0,0,0,1
132716853391239968,493.972,494.438,0.917462,0.113925,-0.381167,0.0368957,-0.143431,0.988407,-0.0498148,0.137704,0.371072,0.100374,0.923164,-0.247975,0,0,0,1
132716853391906360,493.972,494.438,0.917156,0.11224,-0.382401,0.0368789,-0.142408,0.988473,-0.0514235,0.137947,0.37222,0.101619,0.922565,-0.247991,0,0,0,1
132716853392239557,493.972,494.438,0.917243,0.111729,-0.382342,0.0368527,-0.142321,0.988424,-0.0525882,0.138105,0.372039,0.10265,0.922524,-0.247934,0,0,0,1
132716853392572753,493.972,494.438,0.917165,0.111526,-0.382587,0.0368592,-0.14245,0.988363,-0.0533789,0.138254,0.372181,0.103456,0.922377,-0.247842,0,0,0,1
132716853392905950,493.972,494.438,0.917126,0.110902,-0.382861,0.0369043,-0.14234,0.988308,-0.0546871,0.138459,0.372318,0.104651,0.922187,-0.247655,0,0,0,1
132716853393239146,493.972,494.438,0.917215,0.110409,-0.382792,0.0368816,-0.142227,0.988265,-0.0557471,0.138627,0.372144,0.105575,0.922152,-0.247504,0,0,0,1
132716853393572342,493.972,494.438,0.917226,0.109829,-0.382934,0.0369257,-0.142051,0.988229,-0.0568147,0.138756,0.372186,0.106507,0.922028,-0.247348,0,0,0,1
132716853393905539,493.972,494.438,0.91678,0.109397,-0.384123,0.0371026,-0.142015,0.988194,-0.0575088,0.138863,0.373296,0.107273,0.92149,-0.247186,0,0,0,1
132716853394238734,493.972,494.438,0.916457,0.108762,-0.385072,0.0373008,-0.141714,0.988199,-0.058161,0.138887,0.374201,0.107872,0.921053,-0.247081,0,0,0,1
132716853394571931,493.972,494.438,0.916195,0.108771,-0.385692,0.0374666,-0.141686,0.98822,-0.0578743,0.138802,0.374852,0.10767,0.920812,-0.247055,0,0,0,1
132716853394905128,493.972,494.438,0.916087,0.109016,-0.385881,0.0375775,-0.141905,0.988199,-0.057705,0.138748,0.375035,0.10762,0.920743,-0.247086,0,0,0,1
132716853395238323,493.972,494.438,0.916282,0.108988,-0.385425,0.0376114,-0.141758,0.988228,-0.0575582,0.138698,0.374613,0.107376,0.920943,-0.247153,0,0,0,1
132716853395571520,493.972,494.438,0.916464,0.109212,-0.384928,0.037618,-0.141503,0.988326,-0.0564919,0.138556,0.374263,0.10624,0.921217,-0.247237,0,0,0,1
132716853395904716,493.972,494.438,0.916502,0.109724,-0.384691,0.0376375,-0.141592,0.988374,-0.0554236,0.138431,0.374136,0.105264,0.921381,-0.24727,0,0,0,1
132716853396237913,493.972,494.438,0.916552,0.109923,-0.384516,0.0376508,-0.141565,0.988408,-0.0548813,0.138383,0.374025,0.104735,0.921487,-0.247249,0,0,0,1
132716853396571109,493.972,494.438,0.916435,0.109757,-0.384841,0.0376662,-0.141328,0.988456,-0.0546416,0.138378,0.374399,0.104464,0.921365,-0.247191,0,0,0,1
132716853396904305,493.972,494.438,0.916242,0.109157,-0.385473,0.0377165,-0.141058,0.988453,-0.0553783,0.138484,0.374976,0.105113,0.921057,-0.24704,0,0,0,1
132716853397237501,493.972,494.438,0.916072,0.108588,-0.386035,0.0377848,-0.140872,0.98843,-0.0562563,0.138594,0.375458,0.105916,0.920768,-0.246849,0,0,0,1
132716853397570697,493.972,494.438,0.915587,0.108587,-0.387186,0.0379758,-0.141549,0.988258,-0.0575656,0.138774,0.376387,0.107511,0.920204,-0.246564,0,0,0,1
132716853397903894,493.972,494.438,0.914905,0.108527,-0.38881,0.0382361,-0.142612,0.987972,-0.0598082,0.139111,0.377641,0.110167,0.919376,-0.246166,0,0,0,1
132716853398237091,493.972,494.438,0.913688,0.10847,-0.391679,0.0386957,-0.14368,0.987705,-0.061638,0.139401,0.380175,0.112594,0.918036,-0.245649,0,0,0,1
132716853398570287,493.972,494.438,0.911655,0.108847,-0.396282,0.0394558,-0.145266,0.987388,-0.0629805,0.139621,0.384428,0.114982,0.915967,-0.245004,0,0,0,1
132716853398903483,493.972,494.438,0.909465,0.108782,-0.401302,0.0403387,-0.146176,0.987209,-0.0636705,0.139718,0.389242,0.116566,0.913731,-0.244326,0,0,0,1
132716853399236679,493.972,494.438,0.908105,0.108824,-0.40436,0.0409973,-0.146918,0.987058,-0.0643024,0.139792,0.392128,0.1178,0.912338,-0.243813,0,0,0,1
132716853399569875,493.972,494.438,0.907394,0.109876,-0.405669,0.0414101,-0.148161,0.986886,-0.0641044,0.139767,0.393304,0.118272,0.911771,-0.243521,0,0,0,1
132716853399903071,493.972,494.438,0.907472,0.110639,-0.405286,0.0415477,-0.148626,0.986862,-0.0633819,0.139591,0.392947,0.117753,0.911991,-0.243448,0,0,0,1
132716853400236268,493.972,494.438,0.907851,0.110993,-0.40434,0.0415195,-0.148316,0.986991,-0.0620769,0.139355,0.392188,0.116326,0.912501,-0.24355,0,0,0,1
132716853400569464,493.972,494.438,0.907952,0.111123,-0.404077,0.0415504,-0.147527,0.987239,-0.0599934,0.139044,0.392253,0.114082,0.912756,-0.243689,0,0,0,1
132716853400902660,493.972,494.438,0.908106,0.110579,-0.403879,0.0415641,-0.146118,0.987558,-0.0581541,0.138843,0.392422,0.111824,0.912963,-0.243829,0,0,0,1
132716853401235857,493.972,494.438,0.908301,0.110071,-0.40358,0.0415237,-0.145137,0.987755,-0.0572514,0.13878,0.392336,0.110575,0.913152,-0.243898,0,0,0,1
132716853401569053,493.972,494.438,0.908265,0.110092,-0.403656,0.0415235,-0.144821,0.987849,-0.0564368,0.138779,0.392536,0.109716,0.91317,-0.243873,0,0,0,1
132716853401902249,493.972,494.438,0.908331,0.109837,-0.403576,0.0415351,-0.144538,0.987889,-0.0564489,0.138916,0.392486,0.109605,0.913205,-0.243744,0,0,0,1
132716853402235445,493.972,494.438,0.908126,0.109723,-0.404069,0.0415952,-0.14478,0.987814,-0.057151,0.13916,0.392872,0.110401,0.912943,-0.24351,0,0,0,1
132716853402568642,493.972,494.438,0.907868,0.10953,-0.404699,0.0416801,-0.145058,0.987718,-0.0580889,0.139441,0.393365,0.111441,0.912604,-0.243253,0,0,0,1
132716853402901838,493.972,494.438,0.90786,0.109216,-0.404804,0.0417243,-0.145301,0.987604,-0.0594116,0.139684,0.393295,0.112755,0.912473,-0.242996,0,0,0,1
132716853403235034,493.972,494.438,0.907819,0.109429,-0.404839,0.0417778,-0.145886,0.987469,-0.0602239,0.139843,0.393173,0.113732,0.912404,-0.242777,0,0,0,1
132716853403568231,493.972,494.438,0.907653,0.109856,-0.405095,0.0418715,-0.146425,0.987383,-0.0603139,0.139888,0.393356,0.11406,0.912284,-0.242624,0,0,0,1
132716853403901427,493.972,494.438,0.907516,0.110028,-0.405354,0.0419535,-0.146357,0.987434,-0.059641,0.139857,0.393697,0.113451,0.912213,-0.242533,0,0,0,1
132716853404234623,493.972,494.438,0.907449,0.11003,-0.405503,0.0419778,-0.145946,0.987555,-0.0586376,0.139787,0.394003,0.112391,0.912212,-0.242451,0,0,0,1
132716853404567819,493.972,494.438,0.907261,0.110377,-0.405831,0.0419864,-0.145873,0.987633,-0.0574944,0.139703,0.394464,0.111361,0.912139,-0.242328,0,0,0,1
132716853404901016,493.972,494.438,0.907427,0.110116,-0.40553,0.0418216,-0.145523,0.987688,-0.0574322,0.139759,0.394212,0.111129,0.912277,-0.242188,0,0,0,1
132716853405234212,493.972,494.438,0.907721,0.109605,-0.40501,0.0416342,-0.145153,0.987708,-0.0580236,0.139894,0.393671,0.111457,0.91247,-0.242005,0,0,0,1
132716853405567408,493.972,494.438,0.907903,0.109246,-0.404697,0.0414693,-0.144945,0.987708,-0.0585438,0.140036,0.393325,0.11181,0.912576,-0.241767,0,0,0,1
132716853405900604,493.972,494.438,0.908024,0.108669,-0.404581,0.0413723,-0.144651,0.987703,-0.0593537,0.140229,0.393154,0.112417,0.912575,-0.241476,0,0,0,1
132716853406233801,493.972,494.438,0.907964,0.10844,-0.404777,0.0413423,-0.144934,0.98759,-0.060527,0.140455,0.393189,0.113622,0.912411,-0.241125,0,0,0,1
132716853406566997,493.972,494.438,0.907737,0.108489,-0.405275,0.0413377,-0.145551,0.987428,-0.06168,0.140691,0.393486,0.114977,0.912113,-0.240772,0,0,0,1
132716853406900193,493.972,494.438,0.907763,0.108148,-0.405308,0.0412736,-0.145556,0.987373,-0.0625388,0.140883,0.393425,0.115764,0.91204,-0.240477,0,0,0,1
132716853407233390,493.972,494.438,0.907955,0.108027,-0.404908,0.0411689,-0.145651,0.987318,-0.0631928,0.141061,0.392945,0.116351,0.912172,-0.24022,0,0,0,1
132716853407566586,493.972,494.438,0.908374,0.108228,-0.403914,0.0409273,-0.145758,0.987298,-0.0632545,0.141138,0.391936,0.116331,0.912609,-0.24012,0,0,0,1
132716853407899782,493.972,494.438,0.9092,0.108214,-0.402054,0.0405457,-0.145277,0.9874,-0.0627655,0.141116,0.390195,0.115475,0.913463,-0.240196,0,0,0,1
132716853408232978,493.972,494.438,0.910253,0.108356,-0.399627,0.0400962,-0.144588,0.987577,-0.0615623,0.140976,0.387991,0.113818,0.914609,-0.240398,0,0,0,1
132716853408566175,493.972,494.438,0.911654,0.108505,-0.396381,0.0395131,-0.143421,0.987877,-0.0594387,0.140704,0.385124,0.111036,0.916161,-0.240741,0,0,0,1
132716853408899371,493.972,494.438,0.913049,0.108764,-0.393085,0.0389016,-0.142501,0.988119,-0.0575933,0.140445,0.382149,0.1086,0.917698,-0.241155,0,0,0,1
132716853409232567,493.972,494.438,0.91421,0.108826,-0.390359,0.0384188,-0.141497,0.988364,-0.0558409,0.140189,0.379739,0.106284,0.918969,-0.241522,0,0,0,1
132716853409565764,493.972,494.438,0.915125,0.108858,-0.388201,0.0380064,-0.140935,0.988489,-0.055043,0.140133,0.377739,0.105082,0.91993,-0.241805,0,0,0,1
132716853409898959,493.972,494.438,0.915304,0.108652,-0.387835,0.0378562,-0.140599,0.988546,-0.0548748,0.140169,0.377429,0.104755,0.920095,-0.241896,0,0,0,1
132716853410232156,493.972,494.438,0.915321,0.108605,-0.387808,0.0378224,-0.140521,0.988561,-0.0548186,0.140247,0.377417,0.104671,0.920109,-0.241815,0,0,0,1
132716853410565352,493.972,494.438,0.915097,0.108911,-0.388252,0.037919,-0.141031,0.988471,-0.055121,0.140383,0.377771,0.105196,0.919904,-0.24165,0,0,0,1
132716853410898548,493.972,494.438,0.915011,0.109198,-0.388372,0.0379707,-0.141565,0.988366,-0.0556312,0.140569,0.377778,0.105882,0.919823,-0.241451,0,0,0,1
132716853411231745,493.972,494.438,0.915268,0.109402,-0.387709,0.0378939,-0.141987,0.988266,-0.0563243,0.140714,0.376996,0.106601,0.920061,-0.241283,0,0,0,1
132716853411564941,493.972,494.438,0.915595,0.109516,-0.386904,0.0378262,-0.142152,0.988223,-0.056673,0.140779,0.376139,0.106888,0.920377,-0.24121,0,0,0,1
132716853411898137,493.972,494.438,0.915909,0.109715,-0.386105,0.037718,-0.142161,0.988236,-0.0564139,0.140761,0.375372,0.106558,0.920729,-0.241243,0,0,0,1
132716853412231333,493.972,494.438,0.916263,0.109976,-0.385189,0.0376224,-0.141939,0.988322,-0.0554583,0.14067,0.374591,0.105487,0.921171,-0.241355,0,0,0,1
132716853412564530,493.972,494.438,0.916516,0.1103,-0.384496,0.0376155,-0.141687,0.988429,-0.0541877,0.140524,0.374068,0.104141,0.921536,-0.241471,0,0,0,1
132716853412897726,493.972,494.438,0.916452,0.110777,-0.384508,0.0377276,-0.141671,0.988502,-0.0528755,0.140352,0.374228,0.102931,0.921607,-0.241523,0,0,0,1
132716853413230922,493.972,494.438,0.916406,0.111066,-0.384535,0.0377978,-0.141547,0.988577,-0.0517967,0.140255,0.374388,0.101896,0.921657,-0.241519,0,0,0,1
132716853413564118,493.972,494.438,0.916527,0.110804,-0.384323,0.0378483,-0.141337,0.988595,-0.0520359,0.140276,0.374173,0.102011,0.921732,-0.241458,0,0,0,1
132716853413897315,493.972,494.438,0.91641,0.110791,-0.384606,0.037929,-0.141549,0.988539,-0.052511,0.140352,0.374379,0.102562,0.921587,-0.241334,0,0,0,1
132716853414230511,493.972,494.438,0.916356,0.110579,-0.384794,0.0380481,-0.141667,0.98848,-0.053307,0.14049,0.374465,0.10336,0.921463,-0.241187,0,0,0,1
132716853414563707,493.972,494.438,0.916071,0.110658,-0.38545,0.0382333,-0.142233,0.988345,-0.0542929,0.140591,0.374948,0.104559,0.921131,-0.240985,0,0,0,1
132716853414896904,493.972,494.438,0.915551,0.110976,-0.386594,0.0384756,-0.142979,0.988202,-0.0549334,0.140699,0.375935,0.105568,0.920614,-0.240824,0,0,0,1
132716853415230100,493.972,494.438,0.915332,0.11051,-0.387242,0.0386557,-0.142989,0.98814,-0.0559912,0.140578,0.376461,0.106622,0.920278,-0.240707,0,0,0,1
132716853415563296,493.972,494.438,0.915106,0.110308,-0.387835,0.0387836,-0.142955,0.98813,-0.0562584,0.140612,0.377025,0.106925,0.920012,-0.240595,0,0,0,1
