132716853326613288,-0.0755184,-0.339879,0.937433,-0.0467271,-0.997141,0.028147,-0.0701232,0.151448,-0.00255263,-0.940048,-0.341033,-0.0326268,0,0,0,1
132716853328613317,-0.0684142,-0.346448,0.935571,-0.0483761,-0.997612,0.0326743,-0.0608515,0.153285,-0.00948724,-0.9375,-0.347856,-0.033094,0,0,0,1
132716853330613345,-0.0639601,-0.353332,0.933309,-0.0494574,-0.997893,0.0328798,-0.0559383,0.154235,-0.0109222,-0.93492,-0.35469,-0.0332047,0,0,0,1
132716853332613373,-0.0618098,-0.352017,0.933951,-0.0487516,-0.997948,0.0374584,-0.0519268,0.154983,-0.0167052,-0.935244,-0.35361,-0.032657,0,0,0,1
132716853334613401,-0.0602778,-0.353755,0.933394,-0.0479313,-0.998086,0.0342706,-0.0514671,0.154972,-0.0137812,-0.93471,-0.355144,-0.0332122,0,0,0,1
132716853336613430,-0.058265,-0.350869,0.93461,-0.046011,-0.99826,0.0289371,-0.0513694,0.154772,-0.00902101,-0.935977,-0.351945,-0.0342119,0,0,0,1
132716853338613458,-0.0614092,-0.356853,0.93214,-0.0439498,-0.99809,0.0282817,-0.0549269,0.154285,-0.0067617,-0.933732,-0.357908,-0.0355089,0,0,0,1
132716853340613486,-0.0637692,-0.357157,0.931865,-0.0419645,-0.997919,0.0317516,-0.0561199,0.154295,-0.00954461,-0.933505,-0.358438,-0.0349719,0,0,0,1
132716853342613514,-0.0619757,-0.352195,0.933873,-0.0428435,-0.99803,0.0310141,-0.0545369,0.154664,-0.00975576,-0.935413,-0.353423,-0.034476,0,0,0,1
132716853344613542,-0.0549241,-0.355443,0.933083,-0.0453532,-0.998442,0.0287592,-0.0478161,0.155767,-0.00983882,-0.934255,-0.356469,-0.0348226,0,0,0,1
132716853346613571,-0.0594815,-0.352596,0.933883,-0.0443196,-0.998168,0.0313746,-0.0517301,0.155506,-0.0110605,-0.935249,-0.353817,-0.0335725,0,0,0,1
132716853348613599,-0.0575897,-0.35573,0.932813,-0.0442015,-0.998268,0.0317434,-0.0495254,0.155834,-0.011993,-0.93405,-0.356942,-0.0339324,0,0,0,1
132716853350613627,-0.0621191,-0.376805,0.924208,-0.0458783,-0.998056,0.0281435,-0.0556082,0.154985,-0.00505719,-0.925865,-0.37782,-0.0366557,0,0,0,1
132716853352613655,-0.0618976,-0.434973,0.898313,-0.0526642,-0.998054,0.0337507,-0.0524278,0.155993,-0.007514,-0.899811,-0.436216,-0.0421085,0,0,0,1
132716853354613683,-0.0713134,-0.478385,0.87525,-0.0566716,-0.997451,0.0320672,-0.0637431,0.154612,0.00242689,-0.877564,-0.479453,-0.0468163,0,0,0,1
132716853356613712,-0.0700896,-0.522229,0.849921,-0.0627737,-0.997534,0.0335567,-0.0616439,0.155283,0.00367165,-0.852145,-0.523293,-0.0517012,0,0,0,1
132716853358613740,-0.0719693,-0.536111,0.841074,-0.0648649,-0.997364,0.0308354,-0.0656877,0.154722,0.00928095,-0.843584,-0.536917,-0.0539315,0,0,0,1
132716853360613769,-0.0663558,-0.549477,0.832869,-0.0635143,-0.997774,0.0310158,-0.0590319,0.15566,0.0066047,-0.834933,-0.550312,-0.0560439,0,0,0,1
132716853362613796,-0.0809491,-0.540165,0.837657,-0.0509985,-0.996712,0.0468445,-0.0661117,0.15274,-0.00352842,-0.840254,-0.542181,-0.061523,0,0,0,1
132716853364613824,-0.0955286,-0.523412,0.846708,-0.0247255,-0.99492,0.0773384,-0.064442,0.149416,-0.0317533,-0.848563,-0.528141,-0.0835808,0,0,0,1
132716853366613853,-0.11047,-0.533954,0.838265,0.00389256,-0.99295,0.095761,-0.069858,0.143657,-0.0429721,-0.840073,-0.540769,-0.128351,0,0,0,1
132716853368613882,-0.117013,-0.581978,0.804742,0.0221782,-0.992131,0.104833,-0.0684474,0.138533,-0.0445284,-0.806419,-0.589666,-0.17891,0,0,0,1
132716853370613909,-0.107374,-0.606867,0.787517,0.0399813,-0.993312,0.099296,-0.0589152,0.134203,-0.0424437,-0.788576,-0.613471,-0.21832,0,0,0,1
132716853372613937,-0.10066,-0.656932,0.747199,0.0444972,-0.99417,0.0955755,-0.0499026,0.132845,-0.0386312,-0.747867,-0.662723,-0.243041,0,0,0,1
132716853374613966,-0.086318,-0.687327,0.721201,0.0471603,-0.995248,0.0922389,-0.031211,0.134825,-0.0450706,-0.720468,-0.692023,-0.252844,0,0,0,1
132716853376613995,-0.0899998,-0.693134,0.715168,0.0492202,-0.995286,0.0886525,-0.0393303,0.133045,-0.0361402,-0.715337,-0.697845,-0.250701,0,0,0,1
132716853378614023,-0.0986536,-0.696257,0.710981,0.0493448,-0.99477,0.087998,-0.0518552,0.130441,-0.0264606,-0.712379,-0.701297,-0.248355,0,0,0,1
132716853380614050,-0.117937,-0.783772,0.609748,0.0313922,-0.992891,0.0831252,-0.0851947,0.125415,0.0160877,-0.615461,-0.788004,-0.259388,0,0,0,1
132716853382614078,-0.123293,-0.862901,0.490103,0.00897574,-0.991774,0.0900194,-0.091003,0.125323,0.0344078,-0.497291,-0.866901,-0.267166,0,0,0,1
132716853384614108,-0.115668,-0.883078,0.454745,0.00170305,-0.993205,0.0969039,-0.064451,0.129726,0.0128487,-0.45911,-0.888286,-0.266392,0,0,0,1
132716853386614135,-0.0994641,-0.91355,0.394377,-0.00828506,-0.994401,0.105469,-0.00648288,0.139185,-0.0356718,-0.392814,-0.918926,-0.261031,0,0,0,1
132716853388614164,-0.0940613,-0.926752,0.363707,-0.0122861,-0.993188,0.112588,0.0300257,0.145132,-0.0687754,-0.358405,-0.931029,-0.255996,0,0,0,1
132716853390614191,-0.0905544,-0.928182,0.360939,-0.0129863,-0.993079,0.111378,0.0372684,0.146139,-0.0747927,-0.355066,-0.931844,-0.255076,0,0,0,1
132716853392614220,-0.087061,-0.928021,0.362211,-0.0132454,-0.993196,0.109086,0.0407641,0.146497,-0.077342,-0.356198,-0.931204,-0.255195,0,0,0,1
132716853394614249,-0.084479,-0.927015,0.365386,-0.0126115,-0.993101,0.10826,0.045056,0.14692,-0.0813244,-0.359059,-0.929765,-0.254571,0,0,0,1
132716853396614277,-0.0853772,-0.927266,0.364538,-0.0124295,-0.993279,0.10791,0.0418551,0.146531,-0.078148,-0.358515,-0.930248,-0.254671,0,0,0,1
132716853398614304,-0.0848937,-0.922429,0.376721,-0.0104199,-0.992441,0.111907,0.050368,0.147888,-0.0886187,-0.369598,-0.924957,-0.252986,0,0,0,1
132716853400614333,-0.0873405,-0.919262,0.383835,-0.00835624,-0.992383,0.113892,0.04695,0.147385,-0.0868748,-0.37681,-0.922208,-0.252179,0,0,0,1
132716853402614361,-0.0857477,-0.919121,0.38453,-0.00822866,-0.992704,0.111654,0.0455144,0.147765,-0.0847676,-0.377822,-0.92199,-0.251748,0,0,0,1
132716853404614390,-0.0866801,-0.918575,0.385624,-0.00792074,-0.992658,0.112414,0.0446477,0.148034,-0.0843619,-0.378922,-0.921575,-0.250901,0,0,0,1
132716853406614418,-0.0847244,-0.918966,0.385129,-0.00858139,-0.992487,0.112072,0.0490813,0.148989,-0.0882663,-0.378077,-0.921557,-0.24926,0,0,0,1
132716853408614446,-0.0845212,-0.922927,0.375583,-0.0105878,-0.992873,0.109792,0.0463569,0.148847,-0.0840199,-0.368988,-0.925629,-0.248852,0,0,0,1
132716853410614474,-0.0847199,-0.925964,0.367986,-0.0121449,-0.993277,0.107721,0.0423808,0.148534,-0.078883,-0.361921,-0.928865,-0.249299,0,0,0,1
132716853412614502,-0.0860212,-0.927391,0.364068,-0.0124792,-0.993266,0.108292,0.0411653,0.148668,-0.077602,-0.358075,-0.930462,-0.248955,0,0,0,1
132716853414614530,-0.0864334,-0.926891,0.365244,-0.0118248,-0.993172,0.108997,0.0415759,0.148821,-0.0783468,-0.359156,-0.929983,-0.248492,0,0,0,1
132716853416614559,-0.0863804,-0.92595,0.367635,-0.0112007,-0.993003,0.109846,0.0433463,0.148878,-0.0805195,-0.361318,-0.92896,-0.248152,0,0,0,1
132716853418614587,-0.084783,-0.925674,0.368699,-0.0111697,-0.992881,0.109557,0.0467447,0.14945,-0.083664,-0.362111,-0.928373,-0.247593,0,0,0,1
132716853420614614,-0.0837102,-0.924855,0.370994,-0.0107798,-0.992626,0.110145,0.0506086,0.150035,-0.0876689,-0.364022,-0.927255,-0.247103,0,0,0,1
132716853422614642,-0.0827214,-0.924274,0.372658,-0.0103157,-0.99249,0.110221,0.0530624,0.150515,-0.090119,-0.36547,-0.92645,-0.24644,0,0,0,1
132716853424614669,-0.0834525,-0.92342,0.374609,-0.00954188,-0.992362,0.111281,0.0532395,0.150534,-0.0908492,-0.367305,-0.925653,-0.24616,0,0,0,1
132716853426614697,-0.0833442,-0.923045,0.375556,-0.00917061,-0.992436,0.110972,0.0525054,0.150374,-0.0901412,-0.368339,-0.925311,-0.24625,0,0,0,1
132716853428614725,-0.0838622,-0.922488,0.376808,-0.00845084,-0.992422,0.111399,0.0518509,0.150323,-0.0898079,-0.369604,-0.92484,-0.246127,0,0,0,1
132716853430614752,-0.08498,-0.922799,0.375793,-0.00865129,-0.992307,0.11246,0.0517632,0.150459,-0.0900288,-0.368503,-0.925257,-0.245733,0,0,0,1
132716853432614779,-0.0841488,-0.923165,0.375082,-0.00916959,-0.992158,0.112534,0.0543853,0.150937,-0.0924162,-0.367564,-0.925395,-0.24517,0,0,0,1
132716853434614807,-0.0838273,-0.923428,0.374505,-0.00931701,-0.992253,0.111933,0.0538963,0.1509,-0.0916888,-0.367085,-0.925657,-0.245312,0,0,0,1
132716853436614835,-0.0829644,-0.924543,0.371937,-0.00993331,-0.992457,0.110455,0.0531863,0.15075,-0.0902554,-0.364719,-0.926733,-0.245398,0,0,0,1
132716853438614863,-0.083385,-0.928334,0.362275,-0.0117313,-0.993175,0.107171,0.0460269,0.149808,-0.0815536,-0.355964,-0.930934,-0.246137,0,0,0,1
132716853440614890,-0.0863947,-0.93206,0.351853,-0.013522,-0.995052,0.0981233,0.0156018,0.145163,-0.0490667,-0.348764,-0.935925,-0.249878,0,0,0,1
132716853442614917,-0.0877185,-0.933082,0.348803,-0.0142342,-0.995627,0.0934215,-0.000472978,0.142789,-0.0321443,-0.347319,-0.937196,-0.251205,0,0,0,1
132716853444614945,-0.089376,-0.936374,0.339434,-0.0160857,-0.995955,0.0871831,-0.0217365,0.139896,-0.00923955,-0.340004,-0.940379,-0.253198,0,0,0,1
132716853446614973,-0.0883702,-0.942042,0.323649,-0.019311,-0.995666,0.0740844,-0.0562229,0.134686,0.0289869,-0.327214,-0.944506,-0.257297,0,0,0,1
132716853448615001,-0.0885952,-0.941261,0.325852,-0.0206558,-0.995057,0.0688992,-0.07152,0.133197,0.044868,-0.330577,-0.942712,-0.257368,0,0,0,1
132716853450615028,-0.0919217,-0.889056,0.448476,-0.00749436,-0.995612,0.0741341,-0.0571022,0.138291,0.0175197,-0.451757,-0.891969,-0.246164,0,0,0,1
132716853452615055,-0.092695,-0.80365,0.587838,0.000486791,-0.995669,0.070585,-0.0605059,0.14151,0.00713292,-0.590901,-0.806713,-0.229877,0,0,0,1
132716853454615083,-0.0815064,-0.678433,0.730126,0.00564058,-0.99667,0.0571254,-0.0581808,0.144783,-0.0022369,-0.732437,-0.68083,-0.196848,0,0,0,1
132716853456615111,-0.0865871,-0.592106,0.801195,-0.00229777,-0.996238,0.0485533,-0.0717835,0.145751,0.00360277,-0.804396,-0.594082,-0.154864,0,0,0,1
132716853458615139,-0.1017,-0.482986,0.869702,-0.00913782,-0.994239,0.0790913,-0.0723399,0.149994,-0.0338467,-0.872049,-0.488247,-0.106306,0,0,0,1
132716853460615166,-0.132654,-0.35187,0.926602,-0.0116294,-0.990283,0.0864226,-0.108952,0.145238,-0.0417423,-0.932051,-0.359915,-0.064527,0,0,0,1
132716853462615194,-0.118804,-0.330588,0.936268,-0.0208003,-0.991421,0.0912586,-0.0935801,0.148269,-0.0545061,-0.939353,-0.338593,-0.044857,0,0,0,1
132716853464615222,-0.114532,-0.318806,0.940875,-0.0204872,-0.99097,0.103133,-0.085684,0.150375,-0.0697189,-0.942192,-0.327739,-0.0330966,0,0,0,1
132716853466615249,-0.106452,-0.337817,0.935173,-0.0213837,-0.991526,0.106493,-0.0743983,0.151925,-0.0744562,-0.935168,-0.346291,-0.0338365,0,0,0,1
132716853468615276,-0.109517,-0.346036,0.931807,-0.0240683,-0.991674,0.10193,-0.0787007,0.150159,-0.0677459,-0.932668,-0.354318,-0.0344074,0,0,0,1
132716853470615304,-0.0956231,-0.338108,0.936237,-0.0255579,-0.992509,0.10424,-0.0637254,0.152035,-0.0760478,-0.935317,-0.345543,-0.0312779,0,0,0,1
132716853472615332,-0.0805451,-0.336408,0.938266,-0.0267781,-0.992963,0.109064,-0.0461364,0.154662,-0.0868105,-0.935379,-0.342826,-0.0283981,0,0,0,1
132716853474615360,-0.0599468,-0.352153,0.934021,-0.0298637,-0.993718,0.109644,-0.0224393,0.158132,-0.0945077,-0.929498,-0.356513,-0.0280778,0,0,0,1
132716853476615387,-0.0637519,-0.348242,0.935234,-0.0279138,-0.993822,0.107468,-0.0277292,0.157082,-0.0908515,-0.931224,-0.352941,-0.0272607,0,0,0,1
132716853478615414,-0.0693216,-0.348074,0.934901,-0.0279311,-0.994027,0.103288,-0.0352503,0.156013,-0.0842945,-0.93176,-0.353155,-0.0279777,0,0,0,1
132716853480615440,-0.0599637,-0.36253,0.930041,-0.0267774,-0.994359,0.103354,-0.0238233,0.157674,-0.0874869,-0.926224,-0.366682,-0.02731,0,0,0,1
132716853482615468,-0.0751259,-0.348093,0.934445,-0.0194705,-0.992726,0.114517,-0.0371526,0.156042,-0.0940771,-0.930439,-0.354164,-0.0208281,0,0,0,1
132716853484615494,-0.066468,-0.33945,0.938273,-0.017519,-0.991109,0.131087,-0.022786,0.159946,-0.115261,-0.931445,-0.345145,-0.0126247,0,0,0,1
132716853486615521,-0.0718507,-0.345528,0.935654,-0.0162902,-0.990783,0.132728,-0.027069,0.159408,-0.114835,-0.928975,-0.351879,-0.0114871,0,0,0,1
132716853488615548,-0.073524,-0.347902,0.934643,-0.016322,-0.990482,0.134818,-0.0277337,0.159352,-0.116358,-0.927787,-0.354503,-0.0117133,0,0,0,1
132716853490615574,-0.0705929,-0.353688,0.932696,-0.0181401,-0.990712,0.1338,-0.0242455,0.160043,-0.116219,-0.925744,-0.359848,-0.0125011,0,0,0,1
132716853492615601,-0.0695237,-0.360471,0.930176,-0.0197521,-0.991012,0.131785,-0.0230002,0.160405,-0.114292,-0.923414,-0.366394,-0.0134983,0,0,0,1
132716853494615628,-0.0693939,-0.364987,0.928422,-0.0206293,-0.990993,0.132065,-0.0221529,0.160414,-0.114526,-0.921598,-0.370865,-0.0144133,0,0,0,1
132716853496615654,-0.0705988,-0.372605,0.925301,-0.022093,-0.991863,0.124738,-0.0254469,0.159842,-0.105939,-0.919568,-0.37838,-0.0167871,0,0,0,1
132716853498615681,-0.0733523,-0.377151,0.923242,-0.0243259,-0.994325,0.0991774,-0.0384853,0.157021,-0.0770499,-0.920826,-0.382286,-0.0231818,0,0,0,1
132716853500615708,-0.0703018,-0.38328,0.920953,-0.028112,-0.997521,0.0241597,-0.0660919,0.14916,0.00308177,-0.923316,-0.384028,-0.0406845,0,0,0,1
132716853502615734,-0.0771452,-0.416459,0.905876,-0.034446,-0.99295,-0.0499229,-0.107512,0.137948,0.089998,-0.907783,-0.409671,-0.0633772,0,0,0,1
132716853504615761,-0.0775659,-0.42534,0.901704,-0.0377522,-0.983508,-0.115576,-0.139121,0.127083,0.163389,-0.897624,-0.409361,-0.0849076,0,0,0,1
132716853506615788,-0.0730227,-0.433332,0.898271,-0.0406799,-0.982159,-0.125257,-0.140267,0.125524,0.173297,-0.892487,-0.416455,-0.0948797,0,0,0,1
132716853508615815,-0.0760367,-0.422345,0.90324,-0.0413303,-0.985144,-0.108069,-0.133464,0.127999,0.15398,-0.899969,-0.407853,-0.0931498,0,0,0,1
132716853510615841,-0.08393,-0.366921,0.926458,-0.0362347,-0.992837,-0.0485454,-0.10917,0.135489,0.0850322,-0.928984,-0.360219,-0.0778767,0,0,0,1
132716853512615868,-0.110329,-0.313245,0.943242,-0.0261051,-0.993266,0.000983119,-0.115854,0.138076,0.035363,-0.949672,-0.311244,-0.0555699,0,0,0,1
132716853514615895,-0.103732,-0.259359,0.960194,-0.0160712,-0.994171,0.0555613,-0.0923946,0.144672,-0.0293863,-0.964182,-0.26361,-0.0352194,0,0,0,1
132716853516615921,-0.0691912,-0.250684,0.965593,-0.0174545,-0.995491,0.0803091,-0.0504838,0.152316,-0.0648905,-0.964732,-0.25511,-0.0268712,0,0,0,1
132716853518615948,-0.0484191,-0.244335,0.968481,-0.0258149,-0.996414,0.0791744,-0.0298412,0.156049,-0.0693875,-0.966453,-0.247293,-0.0215504,0,0,0,1
132716853520615975,-0.0565119,-0.245359,0.967784,-0.0287803,-0.996015,0.0808506,-0.0376624,0.155242,-0.0690052,-0.966055,-0.24895,-0.0196979,0,0,0,1
132716853522616001,-0.0735894,-0.292893,0.953309,-0.0247709,-0.993222,0.107761,-0.0435622,0.15634,-0.0899705,-0.950053,-0.298838,-0.017171,0,0,0,1
132716853524616028,-0.115868,-0.27202,0.95529,-0.0067389,-0.982819,0.170514,-0.0706526,0.155059,-0.143671,-0.947064,-0.287104,0.00466053,0,0,0,1
132716853526616054,-0.162305,-0.223593,0.961074,0.0121468,-0.966476,0.232401,-0.109149,0.149844,-0.198949,-0.946571,-0.253817,0.0274178,0,0,0,1
132716853528616081,-0.174184,-0.211408,0.961752,0.0194701,-0.961072,0.249225,-0.119278,0.147682,-0.214477,-0.945089,-0.24659,0.0339738,0,0,0,1
132716853530616108,-0.158843,-0.231757,0.959718,0.0152849,-0.970274,0.216409,-0.10833,0.148302,-0.182585,-0.948397,-0.259243,0.0238519,0,0,0,1
132716853532616135,-0.128127,-0.247711,0.960324,0.00757967,-0.984869,0.145711,-0.093817,0.148066,-0.11669,-0.957814,-0.262632,0.00654778,0,0,0,1
132716853534616162,-0.0994948,-0.240914,0.965433,0.00245206,-0.993482,0.0782931,-0.0828483,0.146189,-0.0556274,-0.967383,-0.247133,-0.00971757,0,0,0,1
132716853536616188,-0.0759567,-0.185344,0.979734,0.00142869,-0.997081,0.00644064,-0.0760832,0.141582,0.00779155,-0.982653,-0.185292,-0.0239452,0,0,0,1
132716853538616216,-0.0600971,-0.174918,0.982747,2.97278e-05,-0.993672,-0.0831056,-0.075557,0.133277,0.094888,-0.981069,-0.168816,-0.0513424,0,0,0,1
132716853540616244,-0.0440729,-0.148995,0.987855,0.00452119,-0.985604,-0.155068,-0.0673611,0.124846,0.163221,-0.976603,-0.140016,-0.0805392,0,0,0,1
132716853542616273,-0.0346305,-0.136325,0.990059,0.00825502,-0.974682,-0.214357,-0.0636083,0.116026,0.220898,-0.967195,-0.12545,-0.110751,0,0,0,1
132716853544616301,-0.020366,-0.1501,0.988461,0.00832808,-0.963243,-0.261933,-0.0596214,0.10864,0.267859,-0.953342,-0.139248,-0.134571,0,0,0,1
132716853546616329,-0.0183837,-0.160052,0.986937,0.00917944,-0.960099,-0.272677,-0.0621039,0.105986,0.279055,-0.948699,-0.148653,-0.143886,0,0,0,1
132716853548616357,-0.0201695,-0.166773,0.985789,0.00851397,-0.965855,-0.251482,-0.0623063,0.10904,0.258299,-0.953386,-0.156006,-0.140335,0,0,0,1
132716853550616385,-0.0420339,-0.199699,0.978955,0.0104616,-0.984186,-0.160482,-0.0749955,0.119654,0.172081,-0.966626,-0.189796,-0.121484,0,0,0,1
132716853552616413,-0.0942297,-0.22705,0.969314,0.0202614,-0.994704,-0.0186799,-0.101073,0.131728,0.0410552,-0.973704,-0.224087,-0.0822343,0,0,0,1
132716853554616441,-0.101851,-0.188973,0.976686,0.0368252,-0.990749,0.107778,-0.0824634,0.145258,-0.0896826,-0.97605,-0.198202,-0.0315753,0,0,0,1
132716853556616470,-0.127623,-0.181027,0.975162,0.0558581,-0.97733,0.190417,-0.0925581,0.14779,-0.168932,-0.964868,-0.201225,0.00552379,0,0,0,1
132716853558616498,-0.135962,-0.213049,0.967535,0.0678345,-0.958606,0.274907,-0.0741738,0.152195,-0.250179,-0.93757,-0.241607,0.0356531,0,0,0,1
132716853560616526,-0.141316,-0.239281,0.960611,0.0769708,-0.93505,0.350953,-0.0501363,0.155449,-0.325133,-0.905305,-0.273335,0.0688826,0,0,0,1
132716853562616554,-0.175526,-0.230342,0.957149,0.0896864,-0.909187,0.410821,-0.0678649,0.149695,-0.377584,-0.882139,-0.281533,0.0997191,0,0,0,1
132716853564616582,-0.186818,-0.238319,0.953049,0.095772,-0.895146,0.440981,-0.0651957,0.14672,-0.404739,-0.865298,-0.295713,0.118785,0,0,0,1
132716853566616611,-0.18387,-0.258355,0.94839,0.0966409,-0.875936,0.480862,-0.0388287,0.146981,-0.446013,-0.837869,-0.314719,0.138381,0,0,0,1
132716853568616639,-0.180915,-0.254246,0.950067,0.096121,-0.869834,0.492176,-0.0339266,0.146208,-0.458975,-0.832539,-0.310194,0.149328,0,0,0,1
132716853570616667,-0.135563,-0.262673,0.955314,0.0895503,-0.872689,0.488167,0.0103876,0.153464,-0.469081,-0.832284,-0.295409,0.152939,0,0,0,1
132716853572616695,-0.0670344,-0.292201,0.954005,0.0756244,-0.874254,0.477975,0.0849677,0.165679,-0.480818,-0.828347,-0.287499,0.156485,0,0,0,1
132716853574616724,-0.0347359,-0.3027,0.952452,0.0662435,-0.870193,0.477842,0.120128,0.171698,-0.491484,-0.824645,-0.280006,0.160854,0,0,0,1
132716853576616752,-0.0430081,-0.304935,0.951402,0.0632033,-0.871002,0.477917,0.113804,0.170575,-0.489394,-0.823778,-0.286153,0.160176,0,0,0,1
132716853578616780,-0.062669,-0.296669,0.952922,0.0636767,-0.872552,0.479783,0.0919854,0.167511,-0.484485,-0.825709,-0.288927,0.158974,0,0,0,1
132716853580616809,-0.128686,-0.286711,0.949335,0.0690227,-0.884086,0.466846,0.0211522,0.15827,-0.449257,-0.836571,-0.313554,0.148338,0,0,0,1
132716853582616838,-0.205616,-0.272824,0.939835,0.082318,-0.887909,0.455831,-0.0619332,0.146088,-0.411509,-0.847222,-0.335969,0.136567,0,0,0,1
132716853584616865,-0.245525,-0.211116,0.946122,0.114605,-0.870874,0.476727,-0.119622,0.131701,-0.425788,-0.853324,-0.300904,0.142789,0,0,0,1
132716853586616893,-0.254748,-0.213275,0.943195,0.147367,-0.883842,0.447082,-0.137624,0.126304,-0.392333,-0.868695,-0.302394,0.124755,0,0,0,1
132716853588616921,-0.227489,-0.148678,0.962363,0.193905,-0.906447,0.393441,-0.153488,0.123515,-0.355813,-0.907248,-0.224272,0.0944104,0,0,0,1
132716853590616949,-0.212437,-0.117234,0.970117,0.245468,-0.9214,0.354637,-0.158913,0.1256,-0.32541,-0.927625,-0.183357,0.0473318,0,0,0,1
132716853592616977,-0.200931,-0.0919665,0.975279,0.29051,-0.928711,0.334612,-0.159784,0.127187,-0.311645,-0.937858,-0.152644,0.00336583,0,0,0,1
132716853594617005,-0.17277,-0.0815625,0.981579,0.316014,-0.940589,0.309411,-0.139845,0.134634,-0.292305,-0.947424,-0.130174,-0.0310251,0,0,0,1
132716853596617034,-0.162614,-0.0908236,0.982501,0.33239,-0.94576,0.298168,-0.128971,0.135533,-0.281236,-0.950183,-0.134384,-0.0413215,0,0,0,1
132716853598617062,-0.158884,-0.140304,0.977277,0.345906,-0.933278,0.344278,-0.102303,0.134867,-0.322101,-0.928325,-0.185643,-0.01313,0,0,0,1
132716853600617090,-0.177964,-0.249004,0.952012,0.359123,-0.913301,0.401968,-0.0655901,0.13411,-0.366346,-0.881146,-0.298952,0.031362,0,0,0,1
132716853602617117,-0.196917,-0.30683,0.931171,0.363387,-0.91748,0.392485,-0.0646943,0.130022,-0.345621,-0.86707,-0.358798,0.0288161,0,0,0,1
132716853604617146,-0.188864,-0.248596,0.950016,0.362874,-0.937245,0.334371,-0.0988286,0.124315,-0.29309,-0.909063,-0.296146,-0.0356111,0,0,0,1
132716853606617173,-0.181031,-0.121876,0.975897,0.364886,-0.961904,0.22864,-0.149882,0.139736,-0.204862,-0.965852,-0.158624,-0.115115,0,0,0,1
132716853608617201,-0.217193,0.0194874,0.975934,0.384762,-0.97206,0.0868735,-0.218065,0.172629,-0.0890324,-0.996029,7.44462e-05,-0.176467,0,0,0,1
132716853610617228,-0.291344,0.112311,0.950003,0.411651,-0.955298,-0.0863206,-0.282763,0.191938,0.0502476,-0.989917,0.132439,-0.24633,0,0,0,1
132716853612617257,-0.353004,0.187506,0.916641,0.43969,-0.927747,-0.196996,-0.316984,0.200678,0.121138,-0.962307,0.243498,-0.290642,0,0,0,1
132716853614617286,-0.4156,0.205213,0.886095,0.457763,-0.890049,-0.292396,-0.349738,0.201841,0.18732,-0.934019,0.30417,-0.34232,0,0,0,1
132716853616617313,-0.456848,0.217887,0.862448,0.456259,-0.854438,-0.377175,-0.357317,0.202713,0.247439,-0.900147,0.358482,-0.400101,0,0,0,1
132716853618617341,-0.465694,0.294339,0.834562,0.473281,-0.827453,-0.479204,-0.292719,0.199392,0.313767,-0.826878,0.466715,-0.439846,0,0,0,1
132716853620617370,-0.498121,0.348214,0.794117,0.519135,-0.788025,-0.563908,-0.24703,0.189067,0.36179,-0.748835,0.555296,-0.468384,0,0,0,1
132716853622617396,-0.520748,0.380157,0.764396,0.559485,-0.755261,-0.622572,-0.2049,0.180075,0.397998,-0.68402,0.611321,-0.49084,0,0,0,1
132716853624617424,-0.575963,0.390236,0.718319,0.580455,-0.705566,-0.681076,-0.195734,0.150899,0.412847,-0.619557,0.667612,-0.502066,0,0,0,1
132716853626617452,-0.605907,0.374671,0.701782,0.583877,-0.685045,-0.694228,-0.220818,0.131387,0.404463,-0.614548,0.677304,-0.509487,0,0,0,1
132716853628617479,-0.66048,0.360215,0.658795,0.573376,-0.66655,-0.685209,-0.293598,0.107083,0.345654,-0.633036,0.692668,-0.499829,0,0,0,1
132716853630617508,-0.646966,0.365643,0.669134,0.55835,-0.673578,-0.685343,-0.276763,0.102468,0.35739,-0.62977,0.689682,-0.492586,0,0,0,1
132716853632617535,-0.607762,0.363954,0.705806,0.534955,-0.703256,-0.659504,-0.265489,0.121438,0.368857,-0.657717,0.656775,-0.487615,0,0,0,1
132716853634617563,-0.478209,0.382774,0.790443,0.500131,-0.812595,-0.534278,-0.232886,0.192193,0.333174,-0.753679,0.566537,-0.480785,0,0,0,1
132716853636617590,-0.368229,0.397062,0.840683,0.460041,-0.895846,-0.393433,-0.206568,0.25285,0.248732,-0.829187,0.50058,-0.45064,0,0,0,1
132716853638617618,-0.334862,0.378701,0.862817,0.429868,-0.929525,-0.28284,-0.23661,0.27976,0.154435,-0.881242,0.446724,-0.412095,0,0,0,1
132716853640617646,-0.322822,0.345025,0.88133,0.412051,-0.945316,-0.163297,-0.282332,0.305955,0.0465066,-0.924279,0.378874,-0.365043,0,0,0,1
132716853642617673,-0.293934,0.354856,0.887513,0.407394,-0.952541,-0.0318413,-0.302739,0.368237,-0.0791692,-0.934378,0.347374,-0.292899,0,0,0,1
132716853644617702,-0.340418,0.319681,0.884262,0.419824,-0.925674,0.0511436,-0.37485,0.393826,-0.165057,-0.946144,0.278511,-0.243077,0,0,0,1
132716853646617729,-0.402378,0.268363,0.875256,0.438234,-0.898015,0.0701198,-0.43434,0.378141,-0.177934,-0.960763,0.212779,-0.222066,0,0,0,1
132716853648617757,-0.429589,0.217557,0.876426,0.432758,-0.888771,0.0698935,-0.45299,0.351082,-0.159808,-0.973542,0.163333,-0.207224,0,0,0,1
132716853650617785,-0.42937,0.141942,0.891905,0.41309,-0.89766,0.0414417,-0.438736,0.313183,-0.0992371,-0.989007,0.109622,-0.211531,0,0,0,1
132716853652617812,-0.346069,0.118152,0.93074,0.376362,-0.937928,-0.0192616,-0.346296,0.27095,-0.0229881,-0.992809,0.117484,-0.223612,0,0,0,1
132716853654617840,-0.262333,0.109423,0.958753,0.331498,-0.963223,-0.0895752,-0.253333,0.198335,0.0581598,-0.989951,0.128897,-0.226172,0,0,0,1
132716853656617867,-0.148435,0.0297878,0.988473,0.259868,-0.98456,-0.0982331,-0.144887,0.133154,0.0927849,-0.994717,0.0439091,-0.208721,0,0,0,1
132716853658617896,-0.0937778,-0.052301,0.994219,0.192888,-0.992473,-0.0740829,-0.0975102,0.12209,0.0787544,-0.99588,-0.0449601,-0.169935,0,0,0,1
132716853660617923,-0.104553,-0.0528613,0.993114,0.149777,-0.992136,-0.0635558,-0.107832,0.132776,0.0688183,-0.996577,-0.0458007,-0.138394,0,0,0,1
132716853662617950,-0.114528,0.020884,0.9932,0.122525,-0.992514,-0.0450811,-0.113501,0.135983,0.0424042,-0.998765,0.0258908,-0.121493,0,0,0,1
132716853664617977,-0.102357,0.0310161,0.994264,0.104112,-0.994316,-0.0326469,-0.101344,0.139811,0.0293163,-0.998986,0.0341815,-0.123293,0,0,0,1
132716853666618004,-0.0926739,0.0173436,0.995546,0.0942487,-0.994759,-0.0449878,-0.0918168,0.139637,0.0431948,-0.998837,0.0214217,-0.130172,0,0,0,1
132716853668618032,-0.090109,0.021031,0.99571,0.0919628,-0.995225,-0.0395443,-0.0892302,0.141666,0.0374983,-0.998996,0.0244942,-0.124396,0,0,0,1
132716853670618060,-0.0785303,0.0126903,0.996831,0.0905864,-0.996241,-0.0376812,-0.0780041,0.145434,0.0365719,-0.999209,0.0156018,-0.121462,0,0,0,1
132716853672618088,-0.0660458,0.00239199,0.997814,0.0893005,-0.997066,-0.0389469,-0.0659027,0.149332,0.038704,-0.999239,0.00495708,-0.121355,0,0,0,1
